39.1421 44.1421 
32.5548 45.8001 
27.0943 46.9481 
17.9276 46.6441 
9.68416 45.6414 
4.07288 43.7934 
0.285291 41.1635 
0.0544037 40.9918 
42.6422 45.5353 
0.0905851 41.312 
13.9418 43.8535 
0.00798358 39.9525 
2.95171 43.903 
31.7888 45.62 
0.834151 37.7257 
0.697838 37.6322 
34.8346 46.151 
7.61007 43.1541 
6.16895 38.1005 
4.26803 37.9216 
13.7992 43.7716 
2.35811 31.5335 
0.321214 25.0724 
0.0943168 24.8092 
1.39569 18.256 
0.119171 24.9811 
0.818939 18.006 
1.36155 23.0169 
11.0604 35.8292 
6.88169 36.9492 
0.024284 23.0441 
0.432133 19.9127 
0.0801011 19.91 
0.190221 19.7641 
0.0298966 19.4558 
10.1056 30.3952 
2.81388 21.3831 
1.52873 21.7495 
6.43084 24.2872 
0.851575 18.2046 
4.3443 20.9397 
9.27806 18.2214 
6.65284 22.3606 
5.94765 22.2665 
6.72338 22.0032 
6.03538 22.3654 
34.6235 46.076 
10.0135 18.0272 
6.73422 36.9329 
1.31322 21.6388 
1.42055 29.7039 
2.39126 23.561 
12.8563 25.4043 
9.21952 18.0075 
1.61191 24.5261 
6.79868 21.6545 
0.540576 18.0149 
11.9843 22.8044 
7.69757 24.164 
15.4142 26.2652 
0.000568577 21.0714 
5.92775 19.7884 
6.00534 19.6271 
5.57082 19.0373 
6.03996 19.8255 
13.0125 25.5005 
6.70529 21.6448 
30.7319 43.7429 
7.84611 22.6878 
0.0456554 26.8333 
16.6565 22.0221 
6.78664 22.3345 
5.97338 19.7073 
14.0044 33.1599 
10.6644 22.0529 
1.16634 21.9152 
10.2308 21.8554 
6.55297 21.3273 
5.28653 19.0314 
6.65445 22.3089 
0.932503 21.9431 
7.55436 19.5788 
10.0747 22.0489 
13.874 25.8573 
5.20061 19.0858 
7.30723 19.0584 
36.0323 42.3712 
11.6326 25.9937 
7.486 24.0704 
2.27562 21.4264 
10.3015 24.1179 
2.78252 20.9436 
10.2385 21.0258 
9.72174 23.6782 
17.3323 20.1108 
14.6158 22.3275 
17.3665 15.175 
19.182 22.664 
1.81204 20.964 
13.9703 20.0886 
1.25139 18.0881 
14.7589 18.799 
19.7213 23.8464 
19.6798 25.0668 
9.44098 18.0075 
18.1402 23.3855 
5.36427 19.0212 
5.33847 19.1061 
13.7185 20.0222 
3.07272 19.4023 
18.107 18.1329 
4.85188 18.6368 
5.43799 18.0893 
10.2138 22.6791 
15.7329 24.9394 
18.1214 23.1511 
17.7694 27.2418 
18.9815 9.47438 
27.0425 47.5519 
16.0667 25.7365 
10.9062 26.412 
5.53499 19.218 
14.7302 24.9986 
30.3861 46.7695 
17.5112 27.1245 
13.0525 22.7481 
7.36969 29.2254 
6.39925 26.6171 
15.793 25.4926 
0.994533 21.5722 
5.52666 24.2495 
14.5277 21.3795 
19.1775 9.13862 
13.123 20.8145 
4.23937 26.3985 
13.0438 20.6872 
16.8234 27.9929 
16.2074 25.2966 
3.35296 20.5833 
0.594867 37.6884 
1.41656 18.0203 
32.502 41.7123 
18.48 24.3242 
14.1799 30.536 
5.23109 19.0541 
13.4874 19.3021 
25.4134 44.8615 
21.785 9.02279 
24.7906 42.3978 
19.8016 38.1906 
31.0429 41.26 
4.62174 41.7526 
19.3849 22.3702 
18.1332 29.8122 
17.978 24.3159 
17.6096 23.4702 
15.4343 29.3869 
16.8255 22.4696 
13.5717 19.0978 
21.2945 21.1799 
14.4748 19.1465 
20.9826 22.8093 
23.0779 26.465 
13.6344 18.5568 
21.4122 28.3941 
19.5203 38.0135 
3.57716 26.5647 
23.5449 27.0534 
17.7458 26.2687 
21.1374 27.094 
0.825549 18.1073 
19.265 37.524 
15.8692 13.4414 
16.3108 27.9844 
18.9106 26.269 
22.1551 24.3601 
23.7127 25.7468 
21.1633 27.3377 
18.9769 37.3865 
18.2786 22.3869 
19.9461 23.6687 
30.6137 40.8472 
25.0179 28.2247 
32.9127 40.4825 
29.8525 39.3939 
26.459 18.4351 
20.3443 21.8941 
22.6662 22.9675 
19.4744 23.2977 
29.513 47.9992 
21.5557 19.6228 
29.6468 26.0831 
23.8706 22.0341 
2.844 21.0335 
27.5352 20.5517 
25.2292 19.5746 
27.1165 15.9796 
30.8537 29.6998 
12.2123 22.427 
23.693 18.6113 
23.8631 18.1322 
28.3486 12.9415 
13.4823 30.2831 
9.8241 21.5009 
8.299 20.9054 
15.5738 25.4162 
21.7791 20.2503 
24.8158 28.1763 
20.3505 18.3481 
22.2225 23.2904 
27.7706 36.9885 
29.1712 19.4549 
37.0751 23.4248 
25.3384 11.0906 
27.3276 20.5685 
20.3754 18.4678 
15.0891 24.7556 
28.7277 12.5599 
21.751 12.6631 
13.2647 19.0378 
19.7997 18.2198 
35.6905 12.8599 
11.8314 26.6856 
26.0128 19.1503 
20.5013 19.8271 
30.1267 12.3107 
23.6348 18.498 
18.3439 18.1813 
29.8667 28.9984 
27.5182 28.2507 
35.4939 23.6285 
22.0942 8.8024 
11.2425 19.5994 
28.8837 27.9233 
28.2201 21.6758 
31.2311 8.7584 
37.6949 26.6409 
45.7115 43.7933 
28.7925 26.8017 
3.01193 19.5468 
41.0366 9.24865 
47.3148 43.4396 
30.5108 34.5561 
33.0413 13.0716 
36.3206 8.91983 
11.5815 18.1444 
26.6072 35.5024 
17.5507 28.6683 
25.4717 27.1579 
45.5744 43.8069 
24.3056 27.569 
25.3432 15.8387 
29.096 46.0851 
15.5724 24.7348 
29.5402 18.5724 
37.8225 6.88936 
30.417 11.5827 
29.386 15.7252 
24.2044 13.2562 
21.0744 20.163 
29.0484 18.4512 
24.8171 29.8135 
17.4176 28.8789 
30.0496 11.6596 
25.69 20.5249 
22.2712 24.8411 
31.2383 12.5593 
36.2267 29.9411 
19.4306 23.7343 
17.2164 20.3013 
30.3593 12.1207 
19.1428 24.7569 
26.4837 11.3321 
18.67 16.3548 
23.7557 6.77533 
15.6778 26.3816 
30.2313 30.5125 
22.0118 5.60849 
29.3024 19.9751 
37.2361 26.9803 
19.3536 15.4112 
14.6076 18.7874 
23.3378 27.4381 
26.4908 3.42801 
32.0796 3.87282 
23.3196 28.384 
29.8135 11.4779 
18.8276 11.822 
17.8762 28.4124 
27.2541 9.8681 
12.7369 18.0035 
25.6633 0.237206 
27.1827 9.74652 
38.2718 30.4407 
30.155 0.0892023 
27.1542 9.50882 
23.0485 3.839 
5.19898 19.0538 
17.7956 28.6659 
23.9737 17.8412 
29.1329 0.239415 
25.424 0.0424166 
24.7591 17.7245 
0.151463 18.0275 
36.4497 12.9977 
17.1181 16.8717 
12.6057 18.0179 
1.58265 22.1536 
23.0085 3.77401 
23.6991 25.5672 
19.6674 10.875 
14.3606 18.2035 
22.1821 24.2687 
22.6819 3.65402 
23.2631 29.2879 
28.2801 20.413 
13.1764 19.1721 
40.5899 23.2784 
27.6042 9.55467 
28.3558 20.1309 
13.1743 17.9857 
39.8993 25.9668 
3.79849 24.5597 
16.0558 21.2505 
22.3276 13.4452 
34.5096 46.1486 
20.0027 10.9452 
41.8135 21.7862 
36.2327 14.6297 
24.2841 13.1286 
28.1191 20.1741 
34.3651 21.046 
20.042 34.4839 
19.8155 34.0138 
36.8938 23.1523 
26.8096 11.7789 
6.513 21.137 
40.466 30.6194 
25.3401 30.2831 
20.1672 13.5624 
33.3727 7.96736 
23.2774 12.9878 
30.9411 17.9229 
21.3653 25.6697 
22.2667 12.5594 
42.915 26.1454 
21.1021 35.3504 
20.5708 11.7936 
8.59794 22.1855 
20.4483 11.7006 
28.7844 0.00810454 
22.6557 8.87606 
36.7642 23.0158 
16.8695 23.6219 
13.0161 17.7871 
22.7438 8.15015 
10.6141 26.8067 
27.7019 10.3926 
23.4175 28.4306 
24.7758 7.7944 
30.3931 45.3733 
37.1178 5.99158 
30.6699 10.9953 
22.0537 8.63094 
29.4255 37.0884 
18.3021 24.1288 
22.0412 8.2013 
35.2895 24.1158 
15.3457 30.702 
6.36482 20.6002 
33.3919 0.0926369 
39.84 19.9006 
22.7572 8.00697 
21.6758 21.0184 
30.8218 42.9482 
16.7393 10.1117 
26.3353 12.3251 
18.3533 9.46756 
11.045 21.7277 
19.2451 10.714 
18.3373 32.3552 
36.1953 23.6168 
27.3182 9.13892 
19.335 28.6468 
27.7491 34.5772 
26.7537 11.9754 
25.6915 11.62 
15.3515 24.6126 
25.5406 11.1333 
44.048 28.1733 
31.545 20.6812 
24.3124 16.6115 
10.448 26.7453 
43.1072 42.931 
13.1211 19.9885 
12.188 23.3536 
31.4711 7.10282 
20.769 19.8901 
28.2301 11.6276 
6.73843 39.2894 
38.7767 17.2973 
49.8255 41.6461 
11.8286 20.5036 
7.53739 19.0457 
23.6417 42.6215 
28.0884 37.0874 
13.7202 18.054 
20.4266 35.384 
27.7952 11.5729 
28.1545 31.0434 
18.2905 13.0619 
29.7242 43.4332 
11.3934 20.0021 
4.56004 18.0697 
32.7302 16.6853 
15.4839 25.3527 
22.3148 4.42212 
27.8829 11.4283 
16.777 17.6377 
0.316415 36.8246 
36.2699 8.28386 
13.1301 17.8972 
33.3977 26.2384 
10.7002 19.7235 
2.5833 43.7433 
19.7798 22.7378 
0.811841 37.6437 
26.7871 11.6763 
22.1058 0.249563 
28.7754 10.2527 
28.7543 25.2811 
42.0882 28.0526 
34.5952 27.2211 
28.4872 18.5221 
29.5759 27.0916 
41.1496 9.1601 
49.5069 23.2132 
23.3925 42.0315 
4.3226 20.0936 
22.8827 28.8013 
42.4199 19.289 
20.6673 35.9262 
22.0033 0.145185 
18.6185 10.0426 
17.0324 8.27077 
20.1626 11.3547 
34.0825 21.6556 
33.2136 0.0468309 
30.4188 22.4287 
21.4108 18.4764 
26.2569 20.8857 
15.227 14.6561 
6.50624 39.0779 
23.1902 28.0367 
46.4144 7.50156 
34.2529 36.8971 
28.6201 19.2597 
18.2896 23.4453 
14.2488 18.3116 
17.8318 22.3334 
42.3153 9.82413 
40.9976 30.0599 
20.7502 19.6967 
30.0828 16.3551 
38.2388 1.51841 
19.9689 18.8916 
17.9131 7.14586 
32.6044 42.6761 
17.9763 5.48017 
22.8537 27.0416 
25.5384 22.913 
22.4923 35.1878 
21.9665 39.1807 
39.0419 25.1845 
43.0434 5.31844 
32.256 14.6445 
14.1247 18.1141 
25.6875 11.1014 
6.5307 38.6663 
20.4119 11.6551 
19.3995 13.9804 
6.28052 32.2206 
19.61 9.1582 
25.1965 11.2875 
22.4581 35.4034 
24.4939 26.309 
32.8933 33.5065 
7.16696 20.2255 
24.0637 11.4786 
12.6277 23.6569 
27.7049 11.3524 
18.1927 12.9464 
17.7243 22.1788 
17.9941 4.96011 
12.1077 13.7488 
24.1803 11.5067 
30.6975 10.4679 
25.6351 8.09522 
20.7574 9.12001 
40.4239 43.302 
28.7105 45.7747 
33.0654 44.1036 
46.2512 8.17179 
36.4071 23.6731 
31.8401 10.6752 
34.3119 9.12052 
38.7359 20.2614 
17.375 20.5907 
33.7547 23.1928 
34.8449 20.1057 
31.8706 15.8098 
22.0226 0.0425458 
12.0901 29.3905 
14.0738 2.88357 
20.1351 10.8217 
0.0136242 24.9051 
20.7195 22.9861 
29.8122 7.77181 
33.1179 32.3842 
33.9483 16.8528 
29.4449 10.1354 
29.2607 21.2112 
8.89578 11.047 
25.4944 10.2118 
32.4904 41.5119 
20.0475 9.05928 
5.41987 24.0512 
16.0747 21.0642 
18.0873 12.7699 
47.2238 5.29834 
23.4532 12.9001 
25.1729 5.78151 
35.6445 5.08843 
17.4187 20.2585 
33.8218 12.5994 
27.7356 36.986 
13.874 2.69855 
45.7327 4.83551 
37.1197 11.6645 
44.5693 41.2585 
14.0633 16.6406 
25.993 14.9253 
4.75282 35.6783 
33.5452 15.6894 
0.0320782 36.6791 
13.9349 2.65195 
33.7273 14.6878 
20.1983 21.1066 
25.968 3.67516 
36.9303 22.7036 
38.8409 22.1028 
28.929 11.262 
3.69 34.9931 
49.966 23.1461 
22.0992 22.7202 
22.6956 27.0019 
30.4997 36.5277 
49.838 4.2528 
33.4252 27.0825 
23.7921 13.0986 
26.3177 24.6245 
24.8308 5.55475 
35.0114 7.60574 
20.5165 20.0599 
22.5812 21.6288 
17.3858 38.7002 
18.3575 19.9061 
38.4633 11.936 
18.2194 9.07959 
46.836 23.4642 
39.8802 25.3458 
23.0354 34.917 
24.9765 7.97786 
30.942 10.4396 
35.1584 0.0147689 
39.9822 23.5887 
32.816 14.7682 
30.632 21.0234 
21.2842 33.0253 
13.0959 15.5232 
33.8138 16.6965 
35.1355 4.58709 
37.777 23.2341 
34.9533 4.41353 
43.2367 28.0602 
29.5489 21.886 
49.1838 25.1859 
29.4833 21.2618 
49.8738 25.2956 
39.4019 29.5395 
12.8769 19.9426 
24.28 7.68545 
34.783 18.3166 
34.7806 41.9014 
13.6523 16.6619 
36.273 19.5138 
24.023 18.8067 
19.7746 23.6492 
0.0765558 25.4836 
20.6299 16.9005 
48.3467 3.29802 
46.9849 4.73499 
42.9334 40.1891 
0.311259 34.7272 
34.8376 41.3203 
25.6016 14.3634 
39.114 24.4159 
40.1418 43.2859 
12.6613 19.8074 
24.0568 7.56616 
31.3715 13.4509 
0.677569 21.6875 
27.0993 44.55 
8.30501 11.1748 
21.0613 23.1093 
26.5505 1.88025 
14.3695 1.49205 
29.0687 26.8421 
34.1608 9.0208 
4.74193 18.024 
34.7513 4.37805 
22.0001 0.0241189 
19.1593 16.5569 
38.6316 23.8813 
22.8841 34.495 
22.2538 24.1959 
29.4208 14.2573 
27.2859 39.5307 
49.9289 9.24091 
13.9343 2.53026 
26.4285 3.61147 
10.0348 28.8835 
29.9491 15.0724 
22.4134 23.765 
41.9287 18.2173 
25.1887 0.0124739 
0.0165706 21.7779 
4.93151 21.1764 
19.0589 10.5068 
32.6239 36.8329 
27.7674 18.6509 
30.4889 9.74378 
39.168 15.1802 
42.634 26.3336 
33.6054 21.7422 
47.5338 18.702 
29.7128 15.0248 
27.6603 17.85 
35.8846 24.2791 
17.826 15.3271 
10.1784 26.5489 
18.8751 12.75 
10.427 26.9007 
23.907 2.83938 
31.594 13.2738 
17.7439 32.1163 
34.1899 12.6071 
14.4396 19.1426 
14.0185 1.37187 
30.5344 9.48751 
30.335 31.4391 
9.02992 9.70018 
44.68 16.4954 
27.9848 23.5296 
23.5069 2.15485 
28.7143 6.14568 
48.9522 5.82633 
8.14938 20.7527 
10.3265 18.0106 
28.882 13.6279 
22.5622 10.0998 
48.9643 22.6088 
18.3462 30.6786 
23.4786 4.24144 
22.8155 28.5451 
18.713 10.5504 
37.1801 18.5682 
43.9952 16.1593 
27.6469 10.6057 
46.1222 28.8903 
7.1123 19.799 
43.8193 16.0222 
10.0813 22.7582 
11.1429 19.1354 
26.5951 3.81289 
37.0866 36.1391 
37.2454 11.9766 
26.7327 39.4252 
14.6112 1.72466 
26.85 28.4029 
37.7504 21.8364 
14.2268 20.1167 
29.2376 27.3376 
33.3421 18.3655 
6.65587 26.2299 
34.2942 20.8772 
4.91363 20.8104 
37.4473 25.5295 
31.3256 34.7565 
32.4288 11.6199 
45.3894 12.0046 
41.4593 12.0201 
27.684 16.771 
27.1243 18.5246 
41.8284 6.16382 
24.9964 28.0937 
7.00012 23.5042 
1.09881 18.2052 
28.8949 6.00706 
45.6055 7.02011 
22.6733 0.0224033 
34.9144 10.5393 
21.4703 23.3639 
9.97242 22.5379 
25.7124 10.5804 
4.00361 31.0964 
17.5235 21.4891 
37.1543 9.37423 
9.07994 19.3431 
29.3286 5.00317 
24.9169 20.1139 
29.0644 0.161594 
39.0489 27.0315 
49.226 0.141553 
25.7056 3.3652 
44.0783 20.5898 
24.7219 20.1159 
22.1047 11.2046 
38.7981 7.44383 
35.9526 32.8397 
26.9884 18.3492 
18.7007 10.0103 
35.0206 4.46703 
28.3799 17.2869 
35.9315 42.5222 
38.763 12.7082 
17.6585 15.8958 
39.2825 23.1115 
14.3674 7.49454 
39.6803 16.1062 
40.9792 6.20866 
23.1252 5.15769 
13.7555 7.16269 
5.19118 21.0486 
21.4489 18.6667 
40.1596 6.30411 
3.63103 28.0706 
42.5456 8.57571 
14.1766 13.1367 
23.386 4.04565 
19.7519 26.1015 
24.6848 20.0982 
22.3173 4.84597 
11.7137 6.63033 
0.721301 18.0016 
49.2155 0.0526853 
35.9811 23.7654 
18.3874 22.6707 
20.4554 28.7559 
36.7416 40.758 
38.2202 3.35534 
38.9915 31.7075 
4.73663 18.0525 
12.176 0.450243 
23.5085 11.2108 
43.2527 19.6901 
19.2096 19.4594 
25.4328 20.7775 
25.3533 22.4426 
20.7307 13.4148 
23.2532 2.02771 
31.3824 41.1251 
29.4134 32.8171 
49.9933 41.6463 
48.6711 3.97654 
29.6677 12.4954 
28.2268 34.197 
30.8914 4.66786 
25.6664 15.6804 
40.194 28.9198 
42.0007 38.5173 
25.3624 26.6325 
27.3441 27.2069 
48.2831 29.7342 
12.5062 8.18201 
23.0057 1.07034 
1.39231 18.013 
37.1142 20.1337 
29.9392 33.3447 
38.6561 28.0868 
48.6327 13.4588 
19.9267 28.0067 
42.6688 7.42146 
21.947 16.6781 
12.7106 0.131413 
12.1349 18.5751 
46.9903 4.25148 
3.98454 35.1025 
42.5194 6.85212 
41.4908 42.7071 
34.0835 5.64537 
45.2426 12.3338 
43.4289 26.8715 
11.7879 6.95572 
44.8968 5.07665 
37.7545 27.3988 
40.4596 12.1452 
22.7116 34.481 
49.2464 10.651 
29.6857 0.254272 
25.1304 9.58778 
49.9529 13.7128 
39.3904 6.54428 
11.6461 6.65201 
29.157 36.81 
14.3284 19.808 
25.5579 10.9776 
22.8599 0.945751 
24.1629 25.9637 
28.8505 3.275 
11.5914 0.0851865 
13.444 34.2671 
38.2641 0.122769 
48.219 10.2594 
26.8233 33.9202 
25.2216 25.7607 
36.2008 23.5842 
32.7809 36.2388 
17.7367 13.556 
23.2285 8.48906 
19.8109 23.3121 
25.3964 8.03947 
36.2163 1.71872 
22.0373 4.80359 
23.8817 18.8591 
20.3286 29.3122 
25.8307 20.299 
23.8046 11.3506 
19.8666 32.5547 
24.2857 9.10426 
26.0492 37.3094 
42.7679 42.2588 
6.46741 25.6808 
23.7215 34.5107 
16.2771 20.9036 
20.8382 19.1119 
23.2226 7.77713 
14.0013 18.814 
17.18 21.364 
27.3663 9.26352 
34.1211 23.3756 
30.6633 23.3948 
20.2601 31.762 
4.12465 21.3873 
36.2571 0.153686 
24.3816 8.19642 
22.7772 34.2818 
21.0804 23.6945 
9.86071 1.61546 
40.0051 0.0470874 
8.71254 1.14106 
20.7723 19.1036 
20.3495 22.1578 
23.5976 16.7006 
36.5175 0.0732921 
40.2897 14.6369 
13.7996 32.9598 
20.971 9.03043 
5.38244 23.7598 
37.7056 32.3089 
34.7901 21.7996 
38.6154 18.3561 
33.9795 0.929104 
23.1328 12.8815 
31.7736 40.3692 
37.7745 1.79024 
38.0795 37.7278 
20.8938 32.4623 
3.60195 32.7285 
16.9216 11.6357 
3.47769 27.9581 
17.0993 26.9179 
19.7906 23.384 
13.7011 32.6916 
34.0267 21.9815 
33.7878 20.1852 
38.1896 16.339 
22.7768 32.6219 
32.1 21.2915 
24.4809 4.59387 
38.1968 0.0405015 
43.325 24.186 
29.4513 11.6759 
20.3065 27.9732 
18.7678 19.0403 
44.8075 2.7157 
9.85158 38.7542 
24.2359 9.39047 
16.0883 22.2495 
27.2837 35.9591 
24.7161 6.19375 
23.7575 19.643 
24.7689 11.5712 
7.81324 2.98674 
22.9765 12.7501 
41.866 12.028 
41.9353 7.89235 
41.1893 42.525 
15.8036 21.9705 
1.28775 40.9337 
23.5824 20.0025 
26.3967 24.554 
36.8814 9.41048 
16.4929 30.5715 
27.439 10.9787 
23.5289 30.8555 
13.5599 21.117 
43.1677 26.6152 
7.31562 19.0082 
40.8831 23.9863 
6.9849 3.0101 
49.8448 21.4684 
23.3364 3.64148 
5.92642 2.33228 
33.4061 0.152321 
40.0512 20.0075 
40.3999 0.0895827 
34.7199 0.00839571 
16.7749 7.17463 
12.1676 11.0346 
44.8183 19.9585 
33.0616 4.20848 
28.6215 17.1933 
26.5527 9.71086 
25.5168 22.6224 
37.1884 22.8327 
24.0436 0.75425 
28.7378 3.14037 
16.3171 16.6899 
45.8842 20.2287 
29.7112 26.04 
22.655 14.8217 
19.3413 13.9313 
40.6115 25.4894 
16.9144 31.8461 
31.6973 19.7356 
25.9959 28.65 
14.1175 12.1827 
8.63533 2.08788 
24.9289 24.0013 
25.354 27.3258 
30.2455 20.6691 
14.9575 13.7784 
22.3876 35.4886 
4.2964 2.82904 
41.6148 9.14043 
30.1337 18.3155 
14.2302 11.4861 
31.5306 10.7507 
37.3398 26.3116 
22.4624 7.81892 
13.7087 5.64575 
31.5561 15.279 
26.4848 24.9905 
12.4306 12.0476 
29.5026 0.122975 
25.7564 35.6555 
46.2556 11.7501 
22.3897 11.5977 
32.8615 1.42114 
11.0719 20.0126 
49.989 7.68173 
32.5674 1.18859 
12.027 18.6346 
44.7767 8.953 
25.3207 13.7034 
21.0349 9.16451 
19.3346 14.2055 
45.6284 21.5717 
4.16812 2.93417 
6.91762 21.1512 
4.05137 2.85904 
27.8245 5.49741 
23.8292 11.3011 
20.3154 23.3792 
39.1311 27.3432 
6.36816 7.229 
28.2629 29.8396 
25.3628 25.7999 
3.81985 2.77933 
14.0187 12.0326 
44.5641 0.339349 
28.1471 30.9843 
26.0096 13.4408 
17.534 9.862 
29.6168 33.3824 
41.012 18.4464 
47.4737 21.4355 
38.9657 27.1695 
43.6322 30.2664 
36.3016 19.9886 
39.4552 13.231 
23.4752 0.393075 
33.5696 24.9553 
42.4022 19.8775 
28.848 15.3673 
6.31071 8.12605 
39.1229 23.0642 
24.6538 21.0394 
27.9153 17.7853 
24.4603 8.06078 
42.5487 30.6543 
31.5181 27.4356 
19.2788 17.4255 
47.1452 4.98415 
20.6739 10.91 
12.1262 11.7376 
30.1985 14.3863 
40.4453 26.7762 
44.8564 26.1608 
21.7339 21.3146 
20.5085 22.159 
44.4753 31.8282 
29.2631 27.8642 
46.7092 3.01516 
30.7813 17.9287 
45.7645 2.63725 
21.5911 10.0383 
22.5047 18.5629 
33.4273 39.6726 
28.0619 34.6834 
40.4643 22.192 
22.1475 22.2687 
25.578 11.9484 
0.163126 31.8818 
28.0602 24.978 
30.7612 10.6948 
22.2555 7.18923 
23.6524 8.16754 
38.4759 0.0226672 
24.4187 42.4448 
22.0598 7.25865 
35.0191 24.2801 
9.05193 1.73964 
19.851 27.901 
48.3814 5.23492 
13.8641 21.8639 
36.1542 20.618 
32.3385 21.223 
41.5081 6.66537 
42.6353 6.94899 
12.0424 1.47569 
49.9903 16.6106 
13.864 12.0208 
15.6639 21.7256 
44.4491 26.4369 
37.3394 13.9387 
30.4599 0.104986 
47.911 3.98188 
27.0719 7.46595 
28.8997 16.4578 
36.7606 0.0239961 
30.7385 15.0988 
45.6184 19.3701 
16.5861 7.00373 
45.2268 28.3403 
33.8393 22.1869 
44.4345 0.0108977 
20.4334 35.463 
22.6987 8.06209 
25.9023 16.8827 
11.7532 6.6504 
38.7222 24.4664 
23.8836 24.6074 
49.8072 7.57598 
11.9631 20.6885 
15.1272 15.9825 
40.1577 33.1903 
27.2946 10.3055 
10.1242 3.56027 
11.1961 20.3939 
19.2496 42.0447 
23.6361 7.1789 
48.7304 26.1546 
33.5013 0.0199289 
28.1726 22.8636 
22.363 17.892 
26.3717 30.7083 
17.8568 31.1869 
25.278 35.5561 
22.4275 13.0541 
21.8579 24.9492 
35.4054 4.32109 
25.6379 15.9386 
28.4809 27.5645 
18.4355 15.4866 
4.77509 1.40614 
30.0202 27.3354 
30.5243 15.0513 
41.5397 14.4763 
28.2675 5.46735 
5.37319 0.956786 
17.3325 13.5756 
7.41542 24.1272 
25.0138 3.25915 
40.8211 1.41906 
18.2719 23.3707 
46.0938 7.69868 
13.5742 4.52234 
22.129 14.0032 
0.134148 40.2415 
31.6179 7.7705 
13.6944 31.7782 
34.3473 11.8074 
29.4462 25.0381 
5.28656 1.04752 
35.3476 1.54364 
41.5087 11.944 
15.2218 19.6276 
25.5394 47.5089 
14.2576 4.50087 
43.4972 40.691 
21.2102 26.5046 
15.6752 37.053 
49.9386 3.77742 
9.26774 42.5647 
49.99 4.16715 
30.1572 33.4512 
20.9921 17.4579 
20.9774 24.4165 
7.3532 32.9435 
30.3035 17.7261 
8.14802 28.2079 
34.5294 24.2628 
22.5722 21.8755 
46.3583 20.3102 
46.7027 17.695 
12.3392 5.24513 
33.8007 14.5811 
23.2699 27.0072 
40.9387 20.9115 
27.2983 22.1282 
45.8935 4.73753 
37.2476 9.73343 
28.4203 26.6583 
26.4702 18.3623 
27.1341 30.0931 
21.7669 13.841 
26.7799 20.1685 
35.9689 21.7883 
45.6526 17.5722 
49.9623 25.3118 
40.9373 18.5988 
28.4041 29.2421 
32.53 1.81747 
49.7731 23.2661 
26.7112 9.4967 
21.4749 22.9967 
32.7741 2.46457 
39.0018 4.37975 
40.8766 7.26745 
27.0083 24.2127 
20.6665 14.6447 
16.4156 27.9776 
22.2315 7.45317 
19.6017 18.9289 
6.22938 2.6019 
11.9323 5.62898 
45.3284 25.9334 
48.4793 13.6916 
42.9318 43.1766 
18.2819 17.0088 
46.3459 1.76617 
24.3322 8.00336 
36.5178 13.6823 
23.6444 26.8658 
15.7416 10.1075 
25.5775 33.7718 
30.0466 28.8828 
33.1138 12.5461 
31.1291 16.9247 
44.6909 10.2036 
6.98808 25.3248 
26.5482 18.0571 
35.277 29.2315 
49.9244 6.3709 
29.258 13.5517 
31.5971 3.83134 
7.10062 29.397 
42.9262 19.8526 
44.6208 20.693 
14.0265 16.2661 
26.9933 11.1709 
46.7084 10.5779 
49.7924 25.1864 
42.6784 40.4264 
42.5799 17.1991 
42.2914 23.0281 
30.4582 22.4305 
43.9693 23.0843 
37.1084 36.4142 
48.4045 22.2375 
22.2493 25.7863 
32.799 12.7884 
43.8676 7.30899 
22.0079 7.18917 
20.3507 10.7284 
40.4517 43.1088 
9.87883 31.4075 
33.7517 8.42323 
20.0137 13.9721 
36.052 17.2405 
29.2906 17.9662 
38.6243 0.00639609 
35.6065 16.9992 
36.9748 21.3035 
46.1715 12.3342 
45.0562 19.4502 
29.9936 16.2625 
24.3105 25.4747 
40.1141 9.01326 
39.0408 32.4341 
28.4511 9.20955 
27.0914 23.8782 
33.1355 7.45837 
48.3422 6.51322 
39.0108 39.7877 
29.118 18.3998 
44.9732 16.3103 
13.2366 15.0491 
37.0744 18.9619 
21.563 20.3309 
43.2675 45.0729 
45.278 6.30024 
33.7182 7.00167 
27.305 13.0113 
33.9177 24.8689 
11.0819 26.2373 
11.8998 23.9697 
36.5274 30.2811 
6.26253 1.20864 
41.7785 0.0744892 
28.7107 10.0606 
36.3028 26.2259 
19.8512 20.0242 
34.5842 20.7235 
17.608 16.0572 
30.9751 5.35876 
31.9405 11.6502 
26.8512 18.9879 
26.2182 8.5943 
48.5074 5.35334 
5.79067 19.1507 
21.9249 9.35853 
0.0619638 19.0731 
42.2111 11.7981 
15.3416 25.7611 
29.2507 8.21809 
16.1993 16.8025 
0.0107929 40.2262 
27.1935 26.0737 
19.8 15.7505 
21.9433 9.09522 
30.244 24.3028 
1.1348 22.3913 
22.8011 14.8768 
29.4262 39.909 
24.2251 34.0312 
37.0416 36.629 
38.1505 38.0371 
35.0684 4.55466 
28.2495 17.8018 
18.7619 28.3612 
31.2715 45.3045 
17.2223 19.8411 
14.3273 7.06443 
40.1721 13.3111 
44.55 26.3532 
38.6753 39.8362 
15.3458 25.5158 
49.7342 4.57885 
26.9815 18.7777 
19.9177 16.449 
47.595 13.3667 
32.1043 13.0283 
47.6468 37.4153 
32.8382 18.9397 
36.5736 24.4098 
28.3894 0.657934 
20.9254 25.975 
47.6187 36.8772 
33.5913 0.132443 
20.7172 22.2571 
26.8539 18.6003 
41.2639 6.01062 
18.4288 12.3806 
23.9262 26.7725 
21.2939 23.4586 
34.8176 7.76928 
34.8477 10.4034 
39.43 8.45979 
44.3814 37.3255 
49.9738 20.4203 
26.7612 15.1581 
10.8219 20.0604 
44.5342 21.9195 
12.5596 4.98814 
38.2014 5.58238 
24.1329 16.8393 
29.3519 3.75247 
18.1742 28.9223 
24.1949 22.2389 
27.6934 16.1638 
28.2211 18.4265 
39.4161 6.9415 
21.8512 9.64484 
19.9585 27.5796 
28.0193 18.4646 
11.85 6.51139 
44.3551 18.7313 
26.823 0.718297 
25.1094 9.52077 
16.3664 23.9386 
40.7902 0.00888499 
21.6541 22.5046 
24.6078 26.2826 
14.0808 32.0711 
41.6145 19.4824 
12.1736 27.6776 
29.3162 8.03365 
40.4114 7.2788 
44.9529 25.8367 
21.0277 23.2746 
39.0344 10.4115 
39.7491 7.11132 
45.6397 17.8741 
46.051 16.4717 
34.3366 8.95227 
12.9329 5.05426 
31.8566 11.9303 
34.1908 28.5764 
23.3962 20.1822 
36.2907 0.0130053 
6.65763 8.34473 
47.3081 17.7479 
45.3726 28.3761 
7.52621 26.3553 
26.9977 24.1201 
38.1302 15.9373 
26.257 26.5952 
20.9142 23.2126 
18.1016 28.1477 
31.5551 36.3947 
37.1505 8.46266 
38.1075 36.0402 
21.8236 25.5879 
31.1724 29.4877 
17.0945 8.5766 
37.8593 36.9804 
42.6726 17.8101 
40.8572 9.22593 
6.82874 25.217 
22.5512 25.9496 
45.6624 6.10614 
7.29127 25.1043 
24.1496 20.696 
17.2127 20.9895 
19.6776 26.0554 
30.1066 26.9438 
49.8175 7.43158 
22.2388 18.9373 
29.0327 7.92274 
26.6381 18.5571 
19.2701 29.3485 
11.0873 11.9848 
20.0681 15.4119 
35.0623 22.2525 
12.1233 5.83958 
13.5065 20.2251 
47.7442 14.3856 
33.8127 0.00679614 
2.64137 21.2868 
39.2314 31.9297 
5.10819 35.4635 
23.3024 9.36815 
13.9943 5.69807 
28.9535 12.16 
23.8427 18.3971 
30.7636 27.3298 
12.4051 43.6461 
24.0968 18.9901 
34.1766 22.0695 
18.1649 10.3505 
23.018 12.7273 
32.6292 11.1876 
32.3613 9.17724 
13.3223 28.4827 
2.527 30.3077 
43.0572 6.00316 
31.0535 33.1511 
28.1487 31.0965 
42.0414 11.6199 
42.024 32.8331 
35.7978 0.162027 
16.4917 17.6208 
33.1196 7.61507 
16.4806 39.8476 
44.738 13.1698 
32.2615 34.1642 
33.905 36.6041 
15.8569 36.0568 
39.9213 12.8893 
2.36992 40.3338 
25.1665 14.7926 
25.4971 0.0716783 
13.7686 27.8602 
16.4313 19.5903 
37.229 1.03578 
19.2928 20.4503 
44.7321 19.9362 
37.6366 2.87035 
24.5434 14.5491 
36.6328 0.782516 
13.9075 0.307484 
15.0351 8.51144 
9.55395 24.2433 
28.2786 27.529 
28.2239 23.6695 
34.0296 26.7161 
28.7429 0.00416319 
32.179 25.7916 
40.8139 4.7182 
33.5935 29.9391 
30.2484 22.4236 
29.1085 14.4589 
30.0662 12.126 
39.2892 25.3121 
32.1208 1.82725 
9.56274 22.3909 
16.1112 8.13094 
42.541 11.4196 
23.0058 13.6208 
16.1705 8.11764 
34.2373 5.37032 
13.7707 15.099 
27.6316 24.4838 
6.69308 29.1996 
45.2678 24.0223 
29.489 7.25612 
11.2239 19.0582 
25.0047 24.3862 
3.62129 6.19559 
40.1489 4.40634 
2.08643 28.726 
25.2326 36.1226 
34.4468 16.5453 
37.8763 25.6191 
20.5 13.5865 
31.7277 25.5397 
36.3855 8.55615 
21.4521 22.6876 
15.328 9.42495 
28.1416 21.1008 
19.3299 23.1058 
22.7379 17.2912 
14.4977 26.3517 
29.2765 12.1552 
29.5027 1.50336 
45.5233 13.9002 
24.065 2.1724 
25.3175 0.0232928 
14.0854 9.19348 
49.6734 29.5782 
22.7824 9.32054 
32.2288 24.0022 
24.7476 25.9463 
33.1807 29.6114 
31.469 0.0187699 
39.7377 33.7719 
6.50498 29.1069 
7.0366 19.2653 
24.5182 13.0513 
0.343687 39.2902 
42.0441 27.3788 
16.0146 32.5733 
40.5786 37.6614 
15.9783 16.4229 
25.8355 17.8859 
23.8686 25.9131 
22.2353 11.0547 
35.9299 0.0475891 
40.4583 7.15336 
15.3572 9.92432 
12.6704 22.9589 
18.9379 18.8699 
38.1933 17.1455 
49.0178 3.01448 
43.6519 21.032 
22.2996 2.29953 
14.76 20.5475 
5.20527 0.959258 
46.8207 13.5103 
42.8126 2.08448 
30.343 32.961 
26.6052 25.7342 
37.2567 12.7547 
34.2729 13.7065 
14.1512 37.9288 
31.9505 30.3054 
37.1331 11.3236 
34.3916 18.1726 
1.63025 36.8388 
21.8197 34.8194 
22.3669 12.9438 
8.78083 9.52376 
31.0573 24.5702 
40.3066 0.00453259 
42.0832 29.1482 
13.9386 23.0812 
20.0257 15.5274 
22.5843 12.2642 
24.0152 17.3133 
33.107 29.8958 
2.93438 27.9361 
22.5512 16.9762 
37.0598 33.708 
26.913 20.4349 
22.5481 9.14567 
21.4327 42.8588 
33.8488 28.9496 
37.6053 0.0172795 
20.7556 11.3088 
36.2467 25.9129 
25.5713 19.4493 
16.9755 13.5826 
47.7488 29.5136 
20.4337 10.642 
23.67 19.2441 
19.1017 20.2456 
41.5337 13.6721 
29.0481 23.9295 
34.146 43.5467 
30.6958 30.5144 
23.223 0.0020971 
29.8207 0.0266955 
14.8273 3.92254 
27.9079 2.97833 
17.9217 21.6548 
31.6537 19.3878 
16.49 8.05211 
0.152278 38.9638 
12.6089 19.6082 
31.0228 11.5992 
3.18973 28.011 
29.1956 4.54564 
36.1716 9.89964 
21.3159 32.2226 
28.1249 18.3765 
31.5874 16.0296 
28.6699 0.105671 
15.6849 10.0591 
32.2698 0.111824 
39.9703 6.46503 
7.6847 0.0699713 
47.7416 38.1217 
13.0817 31.1695 
34.2237 12.7337 
21.1871 13.0575 
38.7645 10.3789 
38.751 23.0013 
1.4407 29.1482 
18.754 28.2877 
15.7173 18.4907 
30.2942 40.5924 
19.2867 26.8304 
27.6762 14.3347 
19.295 19.5503 
24.039 8.07674 
37.7549 1.71763 
15.8549 33.1072 
33.3909 29.6069 
30.3172 33.2992 
31.3532 33.3515 
24.0662 8.98699 
16.0939 32.0111 
7.57717 46.0709 
18.4965 22.618 
13.8428 34.2879 
15.7874 10.322 
35.8076 24.6937 
26.407 13.1016 
41.2146 4.74618 
21.1776 40.3965 
41.717 19.1423 
14.7677 18.1402 
48.5929 0.00274599 
20.0237 16.3346 
0.837634 33.8337 
42.3194 19.915 
10.863 9.29116 
26.1891 14.6156 
18.0267 12.3155 
31.8819 3.50129 
15.1243 5.54757 
17.5548 19.9518 
38.8015 41.58 
13.8218 9.16742 
46.4094 2.71454 
40.9303 11.8858 
21.256 22.5127 
26.8962 16.431 
22.5936 5.99321 
8.43864 8.13015 
49.7058 4.26688 
41.3701 3.27116 
29.8988 38.9055 
19.9891 33.3528 
31.9438 5.23307 
40.8322 0.836115 
24.8973 27.0766 
20.0754 31.3207 
15.9705 20.2654 
19.549 14.2588 
34.5237 22.9349 
28.8556 8.06831 
8.1036 8.16511 
44.7394 24.049 
24.7024 12.2205 
25.6058 7.74552 
17.0308 10.2218 
17.8107 16.6938 
27.1635 21.2331 
18.4063 28.2984 
22.9014 8.28723 
29.26 11.901 
21.1276 9.17318 
49.9562 4.56162 
28.3621 0.0418436 
6.71287 22.1383 
38.6788 27.679 
28.2294 0.97729 
49.8658 36.2533 
48.2316 12.2591 
22.0572 8.53969 
16.7506 43.6248 
44.028 37.1616 
42.2379 2.07068 
38.1786 12.3906 
13.7543 29.6394 
18.2883 12.6032 
27.3707 20.4195 
31.6863 16.6887 
38.2081 17.0308 
33.4544 0.0622209 
6.33156 1.61514 
35.4074 24.3976 
22.3584 5.74918 
40.3025 16.38 
48.3309 19.5345 
35.122 9.06461 
43.4836 5.47727 
11.6834 20.0106 
22.094 7.9635 
12.4301 19.5242 
12.9374 24.6299 
48.7768 29.8137 
49.268 13.5727 
49.7898 21.7252 
49.8566 14.0105 
17.7475 8.4948 
15.801 16.0881 
31.5956 0.0135084 
1.78859 2.87481 
28.0523 27.4419 
22.2942 11.6414 
29.6123 47.864 
47.7768 8.49101 
49.909 21.5533 
16.2085 33.2961 
19.8006 25.4456 
41.3926 31.7419 
19.343 16.325 
28.9637 21.6046 
32.5741 3.1749 
36.1438 36.7528 
44.9953 9.66241 
0.00475009 31.7833 
25.2301 15.1887 
26.0302 5.3213 
43.7065 27.6246 
0.155396 2.27926 
24.561 18.4149 
41.7801 2.96938 
49.2988 36.1415 
19.3971 24.9081 
21.0555 23.0983 
24.4938 31.8196 
12.1334 14.275 
32.6199 12.6562 
49.7876 29.0712 
26.3812 35.672 
40.9811 0.10141 
23.5896 32.2779 
28.7402 10.6707 
12.592 37.4984 
46.2194 8.27617 
25.4358 6.71629 
35.5601 11.8921 
38.9783 22.9338 
24.9698 7.26183 
20.7179 26.8269 
29.3783 8.13766 
21.6951 22.1845 
15.9492 31.909 
4.40226 27.6712 
14.3853 18.0562 
13.5768 17.2631 
27.5345 20.6565 
19.9333 30.1136 
34.204 35.6948 
1.3129 36.4593 
29.49 48.5598 
38.8156 3.18874 
11.1437 25.0699 
2.15593 30.1504 
17.0018 21.0053 
17.1577 13.7519 
39.6348 7.00799 
39.3554 6.26917 
26.2487 26.4309 
25.6759 26.6817 
29.5592 31.4397 
12.3717 12.2195 
30.3735 0.508006 
8.72579 22.3955 
38.7063 3.0874 
30.3941 0.295677 
26.458 29.1127 
45.2754 20.3443 
9.99358 22.8823 
26.5099 4.00863 
42.8563 27.9505 
39.8964 14.8883 
29.2085 27.2455 
29.4099 7.46842 
6.98599 24.7318 
42.0483 19.79 
29.2814 9.51009 
14.6992 5.70972 
23.6519 0.948851 
40.2358 0.718863 
14.503 7.6382 
20.3502 10.214 
35.6484 0.191451 
28.4507 8.09504 
47.2752 23.9284 
24.1327 16.1321 
35.0961 13.4089 
39.3819 0.0466459 
24.6545 29.4315 
39.3645 0.000173032 
17.0425 12.7954 
3.02355 36.812 
32.4687 0.0104819 
49.0732 11.1711 
45.4483 37.3864 
26.2259 16.6714 
13.7387 33.98 
21.1042 22.2346 
24.0308 15.3263 
24.8752 37.4108 
14.8762 13.8706 
23.3118 12.7388 
40.2607 0.00208527 
14.7598 13.816 
29.1657 31.8396 
14.9596 5.11006 
5.79567 21.1549 
43.6039 6.02896 
22.5677 0.183481 
25.2677 1.88651 
36.9251 19.2558 
31.2992 9.84052 
22.5344 12.921 
27.0072 35.9794 
49.7009 23.3463 
18.425 26.2468 
41.0081 22.8724 
21.6275 22.028 
38.748 0.442553 
21.655 15.5809 
14.0791 14.102 
22.1189 2.26913 
12.6728 18.8978 
32.5238 0.00918516 
7.54432 7.17097 
19.0916 13.0456 
17.2476 12.9572 
22.0003 2.35835 
14.4694 6.08232 
48.1397 3.93984 
6.4509 6.80884 
16.8337 12.8967 
22.032 2.80332 
30.8264 11.2374 
47.5016 25.1661 
38.3154 10.1012 
33.3086 22.9177 
32.9473 28.4268 
45.7918 25.4951 
0.00350823 1.97139 
43.0267 26.7181 
39.2279 33.0592 
14.005 22.8523 
29.1846 4.44556 
22.769 8.25991 
19.3221 12.058 
33.3306 20.7684 
13.6511 18.6374 
22.3665 23.7839 
29.7797 0.674847 
2.38472 32.0427 
42.3084 25.7338 
37.5241 17.9887 
21.7008 23.4944 
20.4269 14.997 
26.1891 12.1595 
5.9681 26.3482 
35.7205 27.5286 
12.5283 6.61888 
38.4377 13.7055 
47.5307 3.33962 
23.5196 39.7466 
23.3626 4.96949 
17.1741 18.5089 
34.0248 22.5752 
45.7192 26.761 
24.5664 8.78482 
19.5065 13.7536 
14.4871 27.3526 
32.4075 36.281 
1.64766 30.5534 
45.3766 9.37232 
47.4756 15.0638 
32.191 26.5901 
43.6385 21.2121 
9.34028 18.2437 
25.1133 8.12926 
31.4888 22.3211 
45.6739 26.3162 
30.3439 25.0013 
49.9653 13.8195 
36.1935 9.14591 
8.51874 20.4572 
25.5848 0.0119868 
46.76 1.27685 
32.4165 34.2417 
26.1049 8.63784 
10.9911 25.6025 
26.8937 34.344 
18.5878 25.029 
34.4047 21.9046 
26.3153 16.4941 
45.2356 14.3184 
2.03063 30.0743 
16.7819 14.5564 
12.4315 14.6972 
40.8809 11.9812 
15.276 18.5178 
20.9844 37.022 
12.2407 14.6362 
19.7559 33.0939 
30.5886 14.2938 
18.4664 21.3069 
12.1812 14.8337 
32.713 30.0711 
6.52188 25.3062 
30.3607 26.7424 
28.6932 39.09 
39.4285 39.7005 
15.3573 33.5426 
30.9266 0.153199 
30.0702 27.5208 
28.0153 21.8475 
19.4641 24.302 
10.1729 19.664 
15.0171 18.5421 
21.0386 26.4209 
20.859 24.175 
41.1123 17.4814 
29.9004 10.3054 
45.8452 34.7473 
43.6459 42.7387 
22.7048 45.0625 
27.7139 17.1085 
23.4275 30.4511 
30.0777 10.8331 
10.6951 33.4346 
28.7279 22.7366 
35.7178 40.2239 
23.2689 16.2718 
31.4538 27.982 
21.3721 24.4306 
17.6154 31.5367 
27.0073 20.4657 
21.4182 11.9422 
40.2344 27.9448 
44.8359 12.2028 
21.7731 30.3753 
38.2364 0.0383608 
29.5938 28.715 
21.4752 30.543 
13.1559 17.5179 
40.5421 0.012774 
18.8038 32.3632 
32.3298 11.5893 
38.0009 1.36729 
13.3784 17.0464 
5.44679 22.8956 
11.7888 20.5669 
14.7777 32.7092 
6.23514 6.61027 
25.1893 10.0137 
18.5612 9.71188 
43.712 1.87041 
24.4823 15.2065 
41.6145 20.735 
45.1148 14.1669 
33.8816 29.6028 
19.907 26.2247 
33.8662 0.142102 
42.1723 6.81463 
39.5724 0.463277 
7.35662 24.6514 
35.9195 45.9909 
48.2047 15.3341 
28.7531 21.3126 
24.1309 22.0624 
36.079 8.03059 
12.1902 14.8671 
36.0467 30.4469 
17.6836 2.87571 
31.1159 24.31 
34.4589 18.2201 
13.2425 23.0737 
36.0617 5.22771 
18.0253 25.2756 
31.3952 31.9761 
32.0641 6.19854 
17.9073 26.6173 
44.2255 20.7074 
44.2764 21.4161 
25.3449 25.1582 
16.9441 8.18753 
17.2823 9.61133 
20.3484 10.0014 
13.9323 0.28941 
17.412 21.0778 
8.2155 20.2497 
29.3789 30.1662 
37.2841 0.268597 
13.0981 18.5284 
35.8058 8.08615 
23.7006 7.10346 
33.4497 27.711 
35.7722 30.2672 
49.8969 23.3099 
20.8865 14.0794 
34.5193 26.9726 
26.8981 9.66535 
30.7242 25.1318 
36.7793 27.4755 
28.0509 0.0388243 
48.7141 5.74992 
27.9853 20.931 
26.8312 8.17427 
29.5581 5.73106 
34.5671 9.94365 
18.2898 30.778 
41.3584 26.5208 
44.9995 11.9634 
11.6397 46.1882 
35.7348 29.3295 
28.9779 11.69 
27.2337 11.6792 
16.3518 15.6549 
30.4187 27.4944 
17.1622 30.8818 
11.8421 8.24685 
23.1279 4.6955 
24.8948 5.81837 
36.5945 16.3938 
44.0802 18.81 
33.0707 25.7032 
41.7737 25.2363 
32.4986 7.98379 
40.0671 13.3428 
34.6155 7.08289 
24.0939 16.662 
27.2011 6.94068 
34.1879 22.0547 
33.1926 15.2005 
47.3935 43.021 
23.7451 1.40977 
13.2595 8.95326 
21.0357 11.161 
33.2189 11.9941 
29.0698 31.726 
17.0062 30.8223 
45.6529 7.14705 
33.9473 25.6423 
22.0805 9.52523 
20.9306 32.3196 
12.9771 8.8082 
15.9504 36.968 
27.4974 31.4441 
42.797 34.0764 
38.4689 10.6267 
31.4487 16.5551 
26.8977 11.5861 
26.7368 11.3149 
26.5391 21.7603 
23.0384 0.811173 
33.61 35.3664 
32.8549 32.0929 
43.2762 5.96937 
32.2835 0.0033291 
28.3326 8.40764 
20.39 31.3936 
35.4243 32.4274 
39.5991 42 
27.1161 18.7724 
41.6901 7.72288 
31.4794 6.88897 
18.7593 30.714 
40.8597 23.7337 
42.5431 25.3401 
33.1405 11.9697 
39.4345 0.00792096 
39.1845 0.0416576 
23.8295 20.5575 
14.1949 21.8081 
27.3806 11.6972 
35.8727 24.8389 
29.0769 31.6756 
21.389 13.2193 
17.221 20.9341 
29.1498 30.5464 
0.565206 25.6958 
43.3323 7.65208 
35.8701 31.8575 
35.4415 31.5256 
49.7677 10.7839 
49.322 34.3931 
27.3906 30.185 
40.02 16.8354 
16.819 20.9869 
33.1728 20.8328 
35.8633 9.81995 
28.9274 30.4188 
28.4887 6.55268 
35.5456 22.2719 
20.7209 15.228 
30.6962 9.40651 
13.4754 1.85178 
35.321 1.27366 
36.0623 13.4315 
24.751 30.8634 
22.5125 26.6205 
22.0539 3.61173 
21.1475 31.9261 
23.8117 16.0532 
26.4958 13.5538 
24.77 14.2114 
11.7878 11.63 
18.1406 39.8091 
4.59714 23.0513 
40.7357 20.4345 
2.45802 30.1419 
19.7912 9.06261 
6.74869 29.9569 
16.6908 1.88146 
17.7272 8.50959 
27.3964 25.2359 
7.65454 8.5983 
1.85639 28.6044 
41.5442 18.2241 
33.8469 8.69561 
22.2096 28.7441 
18.1126 31.1932 
17.1195 25.1941 
4.34823 9.27846 
19.2552 23.6452 
22.1406 4.02088 
14.6068 14.3198 
13.6643 23.0187 
38.8793 22.2433 
25.6658 34.831 
15.7214 32.7658 
30.5469 7.213 
44.1008 12.6019 
41.7551 1.57923 
18.7703 9.01567 
21.7257 9.67345 
13.8767 0.061183 
17.7137 20.7238 
20.3494 23.9547 
39.532 0.0595802 
24.3587 26.8726 
17.5483 20.9054 
10.5605 41.5789 
30.998 41.3008 
22.4792 3.64482 
32.2015 5.38345 
26.2142 0.646678 
38.2238 27.6777 
33.2189 23.072 
24.3168 26.1134 
33.0513 5.74946 
41.0005 0.0237025 
29.0896 4.52001 
26.9949 18.6667 
5.08699 18.023 
0.662632 37.8883 
31.2949 9.62572 
44.4793 11.4118 
22.0008 2.44617 
31.388 3.96071 
39.8337 33.3133 
43.952 20.7844 
29.2201 3.92201 
18.3204 30.438 
26.5267 17.2741 
45.6302 16.0853 
37.142 36.702 
37.9828 6.5144 
32.6588 34.1737 
27.7309 23.287 
10.928 23.2925 
18.8714 14.4453 
41.5702 24.4381 
36.5125 18.7878 
24.6662 18.7964 
19.841 15.2928 
37.3738 31.0794 
42.4416 21.5575 
19.7766 14.549 
33.1732 22.4793 
35.5516 11.3226 
9.5812 29.7273 
32.1662 12.7899 
35.7332 22.3004 
46.1333 12.8861 
37.8274 20.1745 
28.0268 3.15738 
16.4636 12.7369 
12.2995 12.2166 
46.0173 17.508 
32.715 42.3791 
27.7808 2.3508 
14.8567 27.5219 
41.1289 21.6293 
15.9249 31.7754 
33.1202 22.6994 
11.9304 23.3621 
27.9135 1.54309 
19.3699 10.6781 
24.1334 22.0168 
25.5414 6.63314 
16.5843 25.1485 
18.6718 11.4287 
33.3734 7.30316 
25.3443 6.49206 
28.9632 0.0131157 
17.4339 19.4109 
24.9907 6.34681 
39.0779 23.0106 
17.9956 10.084 
18.8754 14.1075 
45.4007 20.923 
39.8688 3.6389 
39.1661 0.0847419 
46.4673 21.5988 
29.3748 21.2969 
6.96762 19.9915 
30.7653 34.5752 
32.5931 24.7536 
24.3574 16.7244 
28.2252 39.789 
22.5806 0.424842 
1.81633 33.3358 
24.9204 5.16524 
41.1512 8.22251 
5.30931 38.0304 
29.075 7.81351 
23.7455 14.7027 
30.2187 2.83308 
38.4848 16.8505 
26.8134 16.37 
24.6081 5.05974 
24.3894 18.2841 
36.8656 33.1351 
37.2927 16.5861 
19.706 28.9606 
30.9982 29.0531 
49.2062 20.1082 
39.131 0.000930347 
25.9708 25.6474 
31.1339 0.0331045 
25.6252 17.5922 
43.0614 16.2558 
40.7488 13.6128 
20.9745 28.0052 
49.0385 42.1679 
28.7264 10.4893 
32.7577 19.1845 
24.0564 18.1633 
42.5318 14.7266 
44.233 8.45442 
13.3311 34.0372 
49.8698 23.9934 
27.4984 19.0766 
29.6516 27.1267 
19.2432 17.6893 
31.9722 25.6967 
29.9639 9.66782 
14.8773 30.9852 
36.5451 0.775423 
27.2982 30.4439 
44.7399 20.8501 
49.726 26.7988 
4.24521 23.2669 
41.3219 20.07 
4.89782 37.4896 
25.933 17.4339 
27.3051 36.6681 
23.698 26.7103 
28.9902 2.51601 
0.0753683 36.8411 
30.1572 20.6669 
36.6154 16.0486 
24.5499 2.26771 
26.5512 29.3974 
35.3168 27.3087 
31.5019 0.00602522 
22.0458 4.08775 
28.9298 9.70187 
48.0112 8.76519 
27.9914 11.329 
19.8373 17.8301 
35.7224 11.1635 
39.4768 18.4347 
19.8608 17.5071 
28.4832 6.88125 
5.09285 25.0906 
37.8371 21.6409 
13.0974 0.0971993 
18.8728 12.8841 
39.9536 22.9439 
20.0656 22.5648 
25.9397 17.0031 
13.5344 10.6381 
27.7892 1.10923 
19.1218 19.1147 
17.9117 16.406 
38.7804 3.72774 
21.1095 22.451 
32.3868 14.313 
21.8003 23.4996 
39.2081 26.4 
13.0051 33.7499 
22.0685 7.33991 
24.7759 24.5783 
27.5114 12.1852 
32.9929 2.72594 
41.4085 0.0488399 
19.1133 17.4459 
14.9848 23.4637 
27.6751 2.22614 
31.3557 10.6569 
49.8168 26.8618 
24.4297 13.3141 
3.46618 27.8759 
20.14 17.4888 
16.904 18.2628 
23.1646 26.4707 
24.9009 25.2476 
5.45323 26.0343 
4.27756 23.9027 
26.1487 19.5912 
15.5356 31.5872 
24.3343 24.9617 
37.398 5.64683 
31.5063 11.0658 
45.1947 18.1089 
36.1802 0.0753592 
37.9485 30.7139 
29.6459 1.54246 
21.9579 38.5294 
23.9322 19.5187 
44.7331 19.4793 
22.1235 3.29593 
26.9667 9.03093 
16.8685 18.0126 
15.0671 9.98127 
39.1789 7.88337 
40.4096 5.78125 
35.3659 15.3594 
13.6797 18.1131 
33.5144 18.3119 
12.4739 26.7943 
30.2433 26.7051 
26.1576 2.51254 
29.569 1.54225 
8.22006 24.3717 
40.8265 23.2332 
33.9701 0.473096 
22.8417 6.42263 
24.0895 15.7046 
27.7897 11.4792 
45.6435 5.86381 
26.1043 0.216142 
29.2881 3.60341 
40.7454 0.237996 
13.661 14.2712 
36.4593 0.00191016 
29.0719 21.842 
33.2847 12.01 
18.3927 24.9715 
46.044 4.31405 
22.1314 5.99284 
13.2787 23.8188 
41.219 0.0934946 
40.0861 23.4723 
44.2718 30.5163 
27.0356 21.8197 
6.37757 3.28933 
38.1738 8.67176 
30.5056 2.76971 
24.8655 25.3929 
34.1001 24.413 
25.4333 6.44251 
27.3947 11.1803 
37.5824 4.32186 
43.5984 21.1741 
24.6495 9.87648 
45.555 22.5166 
9.91146 23.5508 
41.5609 24.3122 
31.2939 3.39012 
25.0995 19.3006 
45.4026 28.7076 
49.8249 37.6345 
28.7832 21.7034 
28.3028 29.6029 
12.8595 0.0322596 
24.4893 6.05355 
4.56393 37.9172 
49.7267 19.339 
8.88683 22.4281 
17.8561 19.1022 
15.718 18.5666 
35.6388 0.0516018 
27.3593 28.8606 
45.8791 32.2363 
28.3645 27.0332 
4.16471 21.2104 
33.0297 14.4726 
45.898 14.8743 
36.0068 4.13711 
42.0371 11.6421 
12.5513 25.4678 
18.2743 29.5909 
32.2007 8.81319 
49.9976 25.4557 
11.0726 19.0262 
30.3259 13.8181 
36.0774 7.69578 
26.6673 37.9135 
40.4925 0.241916 
29.3933 32.4786 
32.6983 12.8451 
33.342 4.55579 
32.5551 3.88706 
41.6466 27.2081 
9.34118 19.5623 
13.3744 17.634 
29.4734 0.112167 
18.8269 18.7138 
18.5962 13.535 
40.6681 0.0230833 
26.4569 0.0972657 
29.7431 22.0888 
22.8468 8.92281 
17.3008 19.2072 
29.2869 10.3862 
31.6854 8.44408 
29.0039 19.4429 
33.3877 4.19815 
40.7665 17.1582 
22.2661 13.8628 
35.0706 19.5438 
15.2805 16.4422 
25.252 13.3775 
32.6805 5.80476 
49.7128 31.4022 
49.7223 6.90635 
22.5173 15.3807 
43.2188 14.4161 
22.1923 3.92884 
28.6134 16.7402 
37.1076 32.0213 
8.57772 19.1876 
44.5191 10.2485 
31.4787 0.592792 
30.4721 0.0687757 
36.0308 7.9012 
13.6483 33.7789 
11.8436 37.3797 
29.3606 18.5265 
36.6016 0.147172 
31.4697 14.5628 
16.099 22.6159 
25.7524 17.2094 
30.3049 9.34795 
43.6409 0.0110029 
31.1205 29.3515 
39.5976 0.173659 
43.4474 11.1597 
27.6374 7.10486 
44.7352 24.0028 
40.7619 45.1101 
45.685 31.8318 
42.2699 17.8088 
29.7666 3.3423 
37.3958 3.21812 
9.72811 23.0683 
18.2288 17.7318 
27.7203 24.7896 
25.4215 13.785 
15.9049 32.5483 
25.2895 18.5764 
27.3723 0.0406075 
14.4872 20.3824 
17.0681 21.6836 
22.9399 23.9992 
26.1785 6.14865 
38.4292 7.81382 
41.7664 29.0048 
25.3265 34.5033 
44.9794 10.8054 
30.4353 11.768 
49.976 23.3856 
22.2592 16.0459 
10.988 25.5299 
41.4362 18.8936 
28.104 22.429 
38.9419 12.0008 
41.9712 31.3415 
46.2072 20.8665 
26.3851 20.9348 
42.9597 19.2416 
31.7627 23.4965 
1.4859 35.5181 
39.9735 14.4485 
35.5358 17.9352 
27.0357 31.225 
34.2398 0.0616225 
34.2063 8.01628 
8.4658 8.05769 
14.4537 18.8807 
29.5979 1.26422 
14.2375 30.1092 
11.7731 10.8282 
24.7781 12.0561 
34.543 17.0981 
25.7481 5.10937 
35.5447 17.3648 
13.0582 17.4413 
27.0123 11.0915 
3.15686 31.8791 
41.5709 24.4761 
22.4286 0.0937395 
27.7923 9.26253 
7.26045 19.0693 
48.0293 15.2964 
27.325 29.0847 
13.7542 18.1591 
6.28078 0.850629 
42.1576 19.6842 
26.9529 29.845 
30.5708 21.2286 
38.7416 23.1428 
5.57169 5.94706 
36.248 8.13865 
34.7807 36.783 
36.6457 7.02372 
32.4504 3.51824 
17.3755 36.8227 
27.7077 23.3057 
27.6765 25.1906 
46.0286 2.87872 
27.2232 25.7017 
30.803 27.9027 
24.7359 12.7594 
49.1478 11.9682 
22.5566 17.4057 
9.68207 1.07645 
13.2529 17.5464 
42.2392 38.6263 
23.4546 10.2923 
36.8384 17.1033 
49.9695 6.91745 
39.9128 3.73156 
43.6687 0.988756 
10.2053 11.6583 
34.6368 5.69243 
22.6409 25.3314 
35.1012 32.2265 
11.7558 12.6495 
47.7825 18.5165 
46.7201 11.6348 
41.006 3.00494 
30.8204 20.2107 
33.21 28.3464 
20.9233 22.8845 
26.7229 0.00289849 
40.6937 8.20563 
41.8818 25.5159 
32.6734 16.625 
27.1956 15.4897 
37.2291 5.03107 
35.474 29.8022 
9.31491 2.8563 
49.995 6.31343 
27.3648 32.9408 
42.5706 27.9413 
30.7219 22.8816 
41.7261 21.7432 
13.5809 22.9367 
49.9196 19.2157 
37.3193 0.746418 
12.4555 18.2007 
22.109 11.6003 
30.6248 11.2112 
36.1876 33.0943 
25.9754 16.1414 
30.8753 30.8807 
19.8398 14.4292 
20.1956 10.1145 
3.09392 4.9434 
27.2495 22.3708 
32.2385 16.7026 
39.1888 6.11831 
12.2716 25.3094 
40.4686 0.357158 
22.4734 21.4479 
21.9299 23.29 
23.8539 5.75767 
39.2995 25.9828 
4.2118 21.3781 
0.803867 32.1448 
43.4015 17.3014 
44.3155 8.36826 
19.5511 22.9405 
39.1944 8.2232 
4.781 42.0439 
21.2246 19.7475 
30.0146 23.0642 
25.1475 19.0282 
31.7183 19.9856 
23.4636 19.4738 
41.6965 36.523 
40.014 16.8409 
32.1539 16.63 
37.1438 24.3357 
17.8194 12.1088 
12.0062 18.673 
44.4086 8.69476 
46.8105 17.2529 
0.44136 6.16238 
36.4482 25.3013 
20.8745 36.5565 
31.8467 3.18333 
47.2294 26.289 
6.60093 25.6027 
22.0204 8.77552 
30.2329 11.3768 
22.3606 3.98261 
44.3495 2.40973 
2.7875 27.9508 
20.0086 9.13043 
24.5196 28.4325 
40.4318 4.34462 
49.7375 41.744 
22.2391 17.0194 
29.6797 6.06461 
4.62281 20.7636 
48.9414 18.2503 
19.5226 10.2128 
5.17346 37.9967 
35.789 8.52009 
22.0034 5.26711 
49.8645 15.6091 
28.8048 27.7384 
47.6052 9.28879 
24.338 44.3106 
22.171 8.69859 
31.1965 14.4601 
46.7701 12.4973 
10.269 12.1207 
32.0258 0.0757296 
39.4319 20.1716 
12.5102 10.4581 
11.5503 30.6638 
34.8224 18.2908 
25.0448 13.7996 
18.1045 19.5614 
30.9096 24.8485 
30.5316 4.16659 
23.5345 5.059 
15.3928 14.0954 
49.6947 10.783 
33.5286 14.4475 
28.4515 36.3194 
35.9884 4.14895 
22.8596 2.4089 
10.6659 23.2458 
44.2331 0.0692619 
45.4579 0.482494 
21.5221 19.626 
39.4834 3.39262 
47.21 13.9923 
28.2264 17.4712 
6.96339 7.10868 
22.7843 20.2921 
22.0501 12.9374 
44.0668 11.9575 
49.9479 29.1505 
40.8017 18.5155 
45.2752 3.08468 
30.3019 1.18379 
6.9553 6.8979 
22.7713 39.6306 
38.1618 23.7974 
37.074 3.71942 
22.2915 3.88841 
35.2773 0.105554 
37.1104 43.8579 
46.8078 19.7963 
38.9062 15.1916 
38.7288 16.5612 
40.5712 0.0210289 
16.2714 16.1897 
32.8234 16.8482 
22.0941 3.9318 
18.1534 19.5969 
16.1653 8.11473 
28.397 14.6833 
8.71205 26.1319 
28.2753 24.8357 
35.4928 4.3116 
31.0408 7.32571 
15.3253 17.8167 
35.1094 0.00308071 
27.9395 30.6667 
41.8969 23.2388 
45.0885 23.4922 
42.0676 14.0742 
38.0947 41.8316 
34.2295 2.48062 
49.9858 12.2748 
24.1077 15.3021 
31.7573 0.0133155 
30.8114 22.227 
49.9162 36.93 
13.5279 19.9996 
13.4512 27.5808 
26.6074 45.9026 
45.0677 6.49201 
22.0325 3.88958 
12.1685 7.71402 
19.1015 19.2825 
25.8452 39.7313 
15.8327 28.2504 
30.7143 22.6905 
22.0931 8.15639 
29.1882 28.3987 
20.8001 21.8756 
39.7856 6.62954 
37.1797 4.82205 
16.4247 25.8787 
35.0736 21.9106 
26.5868 10.861 
43.4982 37.9271 
43.4972 14.2556 
37.3019 0.164661 
26.4315 30.9681 
29.2383 27.6694 
27.2172 6.03271 
29.4505 13.4894 
28.7352 8.90474 
40.9755 18.4308 
45.1986 31.7476 
29.3797 0.123089 
37.8117 16.6048 
30.7315 3.93257 
44.6307 28.4753 
6.71336 6.7937 
0.0217626 1.60127 
38.2376 0.0688535 
24.0814 4.4727 
44.255 20.4516 
35.7713 29.8384 
37.5173 24.4876 
24.2594 18.1309 
32.3095 9.07154 
34.1238 15.086 
32.724 11.8135 
37.7108 3.74359 
41.4635 25.2932 
31.3176 6.12329 
25.563 6.46326 
41.9792 40.3893 
37.2478 23.2666 
3.61371 36.9335 
30.4292 35.8385 
34.0919 31.4152 
49.9925 8.94407 
27.6816 8.75866 
25.5412 6.61771 
44.9887 3.08316 
43.0709 7.5456 
13.956 26.0744 
24.5904 13.7122 
36.5943 11.6601 
21.1136 25.3623 
34.1514 1.52371 
22.7643 5.27026 
40.8119 29.2039 
24.9536 10.0174 
32.7344 18.6427 
8.22707 10.018 
23.3496 7.13219 
23.307 11.5389 
30.0779 13.4605 
25.6203 15.5109 
33.088 1.63916 
31.8424 7.08763 
24.7119 11.6118 
30.2513 11.9252 
33.8415 15.0035 
27.0966 7.52661 
49.2702 14.5217 
45.6054 12.4905 
20.8219 14.5669 
10.8401 14.8697 
28.3479 37.1212 
32.2815 19.2426 
22.0988 7.96955 
28.0422 14.2866 
32.6878 18.9166 
35.9031 11.989 
41.175 0.00467834 
22.5113 15.6387 
21.2137 19.7817 
15.3808 13.0676 
9.88305 25.2162 
22.0458 8.08622 
29.7659 18.6302 
11.6301 13.2822 
25.1237 25.8412 
27.1533 20.9017 
20.3667 13.5832 
40.7358 24.8892 
30.9251 42.096 
46.5312 14.1799 
35.7571 20.0603 
49.9349 26.294 
24.1871 21.4895 
46.2638 14.6403 
23.0326 36.4083 
19.7461 32.3036 
22.7496 4.8164 
45.1075 34.8774 
41.7547 11.4883 
8.09606 10.7555 
42.3658 15.4512 
25.637 30.7899 
22.1787 19.0373 
22.3751 8.2072 
13.0954 17.5769 
43.4675 14.6494 
28.8792 32.7403 
24.3695 27.4035 
36.414 26.2592 
10.2495 25.2556 
41.6717 20.1992 
3.61622 35.6473 
10.5036 29.962 
23.6091 7.12508 
28.2204 37.4491 
36.8256 3.62594 
34.702 33.4083 
27.4387 8.54454 
8.09484 9.73022 
27.6898 26.6218 
3.59019 25.8723 
22.2329 3.64572 
22.1113 25.6192 
49.7733 41.7807 
28.9586 20.6244 
12.0471 23.4307 
33.6773 13.3382 
35.2738 22.1405 
32.2875 11.2021 
49.8184 25.1223 
28.3961 0.558087 
33.3612 37.6319 
11.6767 23.2901 
34.09 5.62273 
46.5739 31.7799 
21.851 12.6576 
23.6516 27.7694 
31.6076 0.000443772 
35.0867 40.4572 
47.1149 6.88564 
16.9255 44.2304 
27.0889 0.101658 
41.7067 23.1361 
26.142 12.0403 
4.73172 29.2846 
23.8828 8.05956 
9.15528 2.90777 
35.2375 4.85815 
33.1454 5.80258 
23.1329 6.60044 
25.8425 38.1014 
49.7184 34.1739 
12.7622 19.5131 
10.8131 22.1408 
43.9849 25.3679 
29.9244 0.0156123 
36.7531 21.2532 
32.9372 12.0702 
39.4498 6.74252 
30.1716 5.45502 
49.1065 34.5417 
27.1391 11.5177 
9.29684 25.4044 
29.7356 10.8739 
31.9877 16.8526 
39.3075 24.1019 
25.947 4.58855 
43.1115 9.88143 
33.7647 43.5047 
30.6908 34.1597 
30.5478 14.4522 
40.7048 22.7658 
28.6295 17.7733 
39.1919 5.89296 
47.4147 0.102291 
22.4543 26.9875 
35.8398 31.144 
17.699 13.2175 
31.3556 35.8846 
13.4044 27.0491 
30.0275 8.56827 
31.8904 19.2152 
36.3814 15.7173 
24.2694 8.00331 
25.4185 30.3106 
30.5306 6.2169 
8.11002 9.42866 
19.2836 40.2736 
10.0171 29.9179 
30.4999 6.07382 
24.6714 21.5871 
46.6298 5.32332 
30.1766 5.91686 
11.0374 24.4766 
45.605 3.94539 
38.3629 27.607 
20.6264 12.1046 
49.8364 3.34033 
49.943 13.7387 
32.4582 25.0319 
24.6006 7.95718 
23.0794 7.78255 
23.3426 27.0287 
24.9141 23.0466 
14.4069 11.9485 
21.1599 27.5087 
44.6228 15.5232 
2.99385 27.8239 
20.8102 12.0034 
25.243 25.4207 
43.3645 18.6456 
4.53312 38.1934 
6.42616 23.5268 
17.9956 8.10545 
16.9045 8.00355 
6.93209 12.4901 
22.9319 22.5105 
49.9959 23.3995 
42.4458 20.9185 
1.59478 37.7689 
26.2759 24.2531 
16.2743 21.3515 
19.3532 18.9347 
37.8126 14.4244 
49.7683 13.6423 
29.3898 5.02021 
36.068 20.6698 
40.316 30.6937 
33.4106 0.0112931 
32.4986 37.7504 
23.9773 4.27278 
39.4404 7.47049 
20.6438 20.347 
29.2698 12.5745 
40.0547 24.3233 
26.4257 12.7475 
39.7166 1.19022 
35.317 24.5106 
0.267204 26.9002 
16.4071 25.3756 
38.2722 19.5015 
44.6457 18.0328 
36.2821 6.1841 
43.0401 14.6755 
10.4244 2.66564 
29.0825 32.6212 
17.2849 16.186 
22.1011 35.2129 
39.1783 8.13151 
26.7338 8.46521 
43.7759 8.99389 
32.4421 13.7988 
47.5956 10.2977 
22.8057 21.1245 
33.9884 16.7259 
41.1868 19.8961 
0.115265 5.99092 
35.379 31.2725 
49.994 25.8566 
39.5725 15.0302 
39.7049 6.82937 
20.4148 22.7894 
15.3681 27.582 
30.1841 23.0475 
21.2023 19.6764 
30.7063 11.9298 
29.0654 38.832 
3.79017 4.86514 
49.974 2.55631 
14.7155 17.8362 
11.4079 23.2214 
20.8728 23.2519 
37.9611 27.2419 
16.0884 14.3333 
21.938 12.1672 
19.7556 14.2639 
29.8274 14.3891 
49.9548 23.3942 
22.3589 21.4613 
25.9575 28.9243 
17.2714 9.9714 
33.2722 28.171 
49.8623 16.1857 
29.7549 24.4219 
28.5679 14.0382 
48.4249 17.7233 
42.3669 13.4102 
29.7458 8.18651 
27.0247 17.2528 
29.3773 6.07701 
42.5671 22.6801 
36.9946 14.337 
31.9906 30.4718 
34.3999 11.2609 
49.6963 21.2097 
0.0467434 27.0523 
26.9563 17.2355 
32.424 20.6583 
34.2309 31.027 
12.0022 34.506 
17.1825 9.86021 
45.5147 4.17148 
3.91952 3.54617 
0.240058 25.5744 
32.6565 20.734 
6.34067 23.4001 
49.925 17.0151 
33.4368 13.9217 
22.4312 19.4639 
15.1728 13.9684 
31.3428 34.5181 
19.2379 35.4967 
19.8392 30.3014 
35.2194 21.6345 
20.1553 22.4183 
18.2344 21.8306 
15.0935 17.7506 
36.3083 2.82848 
42.3166 1.81095 
45.3602 3.57169 
35.0553 0.0362774 
43.7505 21.5256 
39.1831 3.85823 
17.8849 6.71826 
41.3179 30.3866 
13.9189 16.4775 
30.3109 13.5883 
39.3159 0.00544186 
33.8675 25.5699 
36.9054 40.6118 
31.572 30.1636 
5.1916 5.88481 
33.3822 22.3855 
40.3256 0.0239432 
27.1064 13.4899 
39.373 23.8295 
37.4389 7.68844 
28.414 18.9977 
0.00204598 20.5577 
13.0537 17.5335 
35.0228 5.01537 
33.4431 4.22181 
23.2094 5.55429 
6.1456 23.1312 
2.76747 4.85147 
46.1378 31.1052 
41.4826 19.6445 
23.4305 18.3311 
22.3619 15.5953 
49.6552 27.1745 
9.02091 22.7842 
31.6297 18.5334 
41.921 27.7308 
30.2404 24.8177 
22.0825 10.6704 
24.1905 33.7351 
2.76918 30.7147 
23.8443 11.018 
39.2009 29.3354 
29.7802 29.2347 
13.4218 24.8538 
29.105 12.6036 
48.5676 0.0414157 
44.4039 16.0642 
25.6026 13.7691 
25.2331 31.7793 
31.6293 19.1648 
22.0173 7.27864 
12.4537 18.7852 
3.41053 35.6467 
30.8499 26.6213 
23.0492 26.7396 
33.0181 46.6227 
27.5225 7.99502 
31.3886 8.51043 
44.3517 15.4052 
7.25036 0.563692 
32.4429 26.0716 
20.1485 22.7098 
42.9642 33.5505 
35.9365 1.37516 
29.7118 7.40255 
34.3474 33.3862 
46.7112 20.9646 
24.341 26.8961 
32.6509 15.2823 
43.5779 30.9137 
41.7471 25.223 
49.997 7.78156 
48.4726 12.8691 
39.6944 17.3268 
15.1092 27.4638 
25.0663 13.0323 
44.851 14.4648 
26.5074 21.0054 
48.1618 40.3168 
33.2087 2.68799 
47.496 14.0274 
22.2016 4.01603 
35.8985 14.3927 
13.5835 1.71116 
13.6022 11.3682 
32.8318 2.61399 
34.1042 10.3496 
21.7239 18.5138 
43.2925 2.11233 
22.0456 3.85161 
28.7164 3.26339 
26.1826 25.8914 
34.0309 31.0311 
44.0627 1.99403 
28.7716 12.5005 
7.96009 20.7494 
38.0703 20.4468 
2.04066 29.0021 
40.7541 12.1322 
48.628 17.8819 
39.7554 5.52114 
26.0445 16.3607 
40.836 19.7251 
33.3725 37.7888 
33.8397 22.8576 
11.3747 25.3116 
30.5322 28.6243 
13.4525 2.05054 
30.1591 13.2353 
31.3463 12.0209 
18.5764 30.6469 
21.5827 11.7074 
45.6519 21.0537 
36.8114 14.2589 
34.8056 0.00343787 
6.45928 23.9649 
11.0817 14.7562 
39.3495 15.0816 
27.6894 28.2931 
24.4498 7.64225 
28.7443 26.4273 
39.0507 20.3217 
27.199 8.66396 
24.3065 0.080792 
27.4891 11.1884 
15.1305 16.6365 
18.4615 14.0429 
17.0914 23.8363 
7.07024 29.3985 
22.2039 6.2926 
26.6469 8.21695 
20.6036 11.5265 
30.1997 25.7698 
18.2955 11.5042 
49.8568 12.7692 
31.1658 12.506 
26.4398 16.0943 
20.6469 12.3329 
20.3178 25.3165 
14.0072 25.5683 
28.3428 2.88286 
24.5818 9.61525 
49.3619 2.81814 
39.6893 26.0933 
34.0849 4.56249 
28.3752 1.50858 
23.4963 16.8761 
18.6073 32.8846 
31.8907 1.77376 
27.9147 10.2469 
40.1131 27.7273 
22.4951 20.6642 
34.5199 2.8427 
24.4061 18.7095 
17.597 26.999 
32.886 6.87982 
43.3335 4.51311 
36.2526 6.19424 
17.5198 13.8373 
16.1088 17.0048 
45.6233 1.13871 
28.2499 25.0351 
27.3478 9.12706 
21.6509 15.6654 
19.1396 12.8345 
35.2374 14.4462 
32.8412 0.0858837 
38.329 25.8732 
24.6402 25.3162 
40.3668 22.7826 
35.7858 25.6982 
15.2493 16.0119 
11.5146 39.3241 
22.1257 8.3991 
43.0711 39.7464 
33.5262 3.42189 
9.57288 25.0608 
11.448 27.7537 
24.7289 44.1619 
27.4637 35.6521 
26.2352 9.18956 
19.0114 22.4977 
47.0312 6.7811 
30.9267 18.1907 
1.26178 37.6007 
14.0324 32.2521 
15.7404 22.6789 
22.42 13.7763 
28.7401 14.2369 
36.3028 14.067 
19.6645 14.4169 
49.1061 17.2945 
32.7282 2.02067 
18.0441 24.8572 
8.77801 12.1905 
31.1395 27.7865 
10.7471 11.2804 
49.7188 20.5578 
30.1263 11.3954 
0.875141 37.3904 
45.9585 0.414559 
30.5546 27.6732 
45.6323 17.7972 
31.7374 1.58472 
12.1521 0.680336 
31.8598 18.3366 
26.7734 16.1201 
30.922 11.524 
27.2325 4.46125 
27.369 11.8223 
37.1262 37.0652 
37.7081 25.7851 
45.0212 1.74004 
42.1274 17.0749 
19.1647 13.5867 
46.3782 18.137 
21.0188 22.0637 
41.9631 36.7322 
25.4426 30.8116 
21.6532 11.9259 
36.6976 12.7429 
30.7863 0.20297 
38.576 8.17263 
11.2991 14.5516 
17.7835 11.243 
49.9868 24.7232 
23.5482 12.1593 
28.2203 0.262671 
45.2516 1.17151 
39.4285 23.5469 
49.1542 22.3458 
22.1496 5.19228 
40.4588 25.1486 
31.363 22.4448 
39.1793 0.0683184 
18.8222 17.5735 
42.8556 40.2391 
22.6872 17.903 
47.7616 18.7864 
36.4921 36.0966 
36.6965 11.6335 
18.0419 12.1283 
30.4284 0.00353456 
42.945 0.0568876 
26.1112 8.99508 
28.9359 11.02 
44.2956 38.3929 
18.3302 43.2321 
12.6709 1.99718 
22.3411 14.5382 
29.5729 24.161 
36.4545 3.99553 
15.1375 32.6628 
34.3758 6.72835 
33.6546 16.8121 
19.4966 9.03663 
34.1889 14.3976 
41.2597 3.57126 
15.6363 19.8124 
13.0421 17.6598 
29.2729 31.5309 
44.6059 31.4851 
42.2128 9.43908 
26.1538 10.3796 
36.3902 7.75365 
22.5073 9.53516 
19.8571 28.9486 
22.8153 22.3804 
41.1158 23.5016 
30.8653 19.979 
20.4001 33.5148 
16.8579 19.1016 
21.1567 11.6784 
1.4814 29.0681 
2.78775 31.9496 
15.5159 29.0369 
25.7706 22.948 
40.5467 0.842709 
37.14 32.7094 
48.8016 15.7118 
24.673 8.10452 
40.9809 2.9539 
37.3057 0.686648 
26.3596 18.4291 
24.7101 42.1981 
49.5143 12.5268 
12.4538 2.05429 
13.1052 15.5165 
38.3885 20.4266 
18.8132 19.0383 
22.7665 20.516 
22.7887 13.2761 
45.5032 16.0131 
46.9883 3.59691 
30.5353 0.160741 
11.7707 27.3718 
25.6988 11.7814 
11.5702 20.4199 
27.941 16.5427 
28.6107 8.35247 
34.8151 0.00697178 
30.5192 15.734 
36.5245 10.8901 
30.6382 24.4846 
17.5678 12.7713 
40.6327 0.151783 
20.8017 13.8418 
18.1982 10.1563 
32.3036 20.6308 
42.4421 21.9042 
49.9333 41.6034 
31.838 38.775 
40.8047 22.57 
32.954 5.67381 
35.9667 0.852788 
37.4098 11.9038 
29.4731 14.3092 
22.0157 3.94489 
40.1191 39.3716 
31.997 46.4162 
32.8001 9.62274 
33.3645 17.1661 
40.1868 2.71451 
22.0547 0.418928 
30.0411 22.4814 
39.0131 12.6943 
28.69 26.8052 
37.1302 27.5717 
36.3531 7.60487 
18.7865 35.6104 
7.7675 19.0818 
46.3134 0.0202936 
21.8777 19.7423 
35.8248 0.803639 
8.69808 10.8865 
49.9152 23.6371 
20.5521 16.5946 
34.9908 9.53404 
33.3351 39.5055 
39.7573 8.8147 
14.0136 0.117951 
27.7479 28.0834 
48.1454 20.0748 
26.7456 12.7582 
31.0241 46.0081 
31.274 5.33967 
6.99896 6.80417 
32.3603 39.4571 
47.9034 5.87836 
10.6278 12.0321 
34.1046 4.62169 
36.2277 36.2873 
26.3244 13.9959 
33.6259 9.49374 
25.431 12.3996 
29.4906 0.241162 
22.0166 6.4185 
26.0837 9.81388 
18.1417 19.4862 
16.0778 10.0374 
24.7907 13.2163 
49.8226 12.7629 
31.2912 15.7292 
38.9858 30.6467 
36.1739 14.2903 
25.6769 30.9425 
40.9781 0.0272951 
43.9965 1.80306 
41.271 27.6041 
34.8304 21.5793 
30.0312 6.03183 
22.3132 28.5443 
42.3809 25.4445 
24.4651 20.5785 
24.3066 20.3554 
19.1694 26.8292 
30.8481 12.0589 
25.4957 8.11684 
15.8686 13.4612 
24.9407 11.1539 
32.7165 6.51587 
38.2309 23.4217 
25.5838 29.9994 
21.2433 10.0956 
27.9529 2.87904 
14.8087 5.09577 
0.467274 6.39356 
36.9455 33.1026 
17.6908 30.8979 
22.3496 35.7313 
37.4998 17.1194 
35.8652 9.56675 
23.0486 7.94897 
28.3608 22.3852 
49.9587 21.348 
21.7114 14.4104 
17.0636 31.4063 
29.4892 14.2652 
35.1443 12.5187 
36.5015 16.3424 
21.1626 24.0269 
43.0678 5.92889 
20.9822 18.505 
40.6658 9.99869 
49.6264 15.2166 
31.2888 11.1189 
39.6922 15.9558 
47.4096 4.59248 
41.6763 0.163254 
39.7808 29.1811 
26.1743 16.5774 
22.0043 9.21382 
45.885 4.56093 
36.9788 20.228 
32.0035 3.80985 
41.3985 25.9016 
15.1949 0.0670468 
37.709 27.2118 
25.8884 0.648349 
42.9614 10.074 
6.0465 24.5218 
40.0967 5.62401 
18.0747 29.1057 
22.5321 20.3654 
15.2857 19.5824 
17.0847 18.4492 
28.6108 21.8749 
14.3032 15.8684 
31.8364 21.2251 
40.8871 24.4251 
22.6201 6.11459 
23.6424 10.8582 
31.7186 11.2955 
30.0809 13.4497 
18.8186 18.606 
25.9871 13.8382 
32.5875 20.5868 
35.1615 15.0962 
25.1183 12.1707 
46.1122 32.8774 
39.3075 6.61008 
22.2009 7.13737 
45.7599 13.7641 
27.2902 26.0674 
31.1895 13.6965 
24.3083 28.4422 
38.8039 10.995 
28.0145 1.04266 
20.0389 24.763 
33.5261 7.35807 
49.1947 11.5406 
31.601 17.6129 
17.8024 24.4613 
25.1324 9.02772 
23.9839 0.234963 
24.4682 25.1046 
35.7718 0.792519 
37.3031 8.94585 
39.3828 19.7531 
34.8694 37.7778 
18.0081 22.7326 
34.7502 0.0528743 
34.1497 14.639 
28.5607 22.7353 
44.0424 10.4562 
42.1568 4.21866 
23.0975 21.3369 
29.7749 29.0306 
13.8591 22.9456 
17.7065 12.6123 
23.128 8.00141 
42.4129 40.4564 
26.8571 46.0746 
46.8581 1.6909 
40.0795 8.8256 
4.66106 38.0527 
21.4013 17.0809 
44.0545 15.7971 
47.8378 6.06827 
17.2149 18.9723 
38.2615 18.5353 
16.8593 15.9545 
23.3161 11.411 
11.3653 5.33224 
34.3103 1.46714 
24.0146 15.3246 
23.245 44.3787 
29.6238 0.0163698 
35.478 8.45153 
31.4885 10.6036 
20.4564 19.3495 
43.661 13.0797 
7.8845 21.2689 
15.403 0.00653229 
31.7484 14.8329 
40.6217 10.4487 
22.2404 11.55 
46.1726 9.61466 
36.1117 15.5841 
18.4557 15.0163 
14.0378 15.2959 
3.56652 37.2918 
25.498 19.8297 
36.3477 10.5868 
45.5451 19.5443 
24.0982 3.23421 
34.0418 25.2028 
49.9612 19.3053 
28.5233 11.9432 
45.864 12.8525 
26.4447 8.21154 
20.058 9.00273 
45.8761 31.1375 
5.32298 25.2757 
16.9775 23.1902 
37.4697 15.6647 
43.9002 13.5546 
45.9118 0.172396 
13.34 10.4011 
21.204 12.8884 
26.194 23.9707 
26.1175 4.19459 
16.8426 24.2595 
26.3859 0.585213 
44.1386 18.9121 
25.772 26.4656 
35.5429 13.3164 
42.2138 19.651 
47.1071 13.6219 
22.0591 20.6649 
15.4343 17.4305 
17.2648 13.6343 
39.5079 9.04469 
25.0633 6.28536 
39.1541 26.8638 
31.6212 22.1797 
12.7358 27.8283 
17.1324 19.7635 
44.2233 26.6672 
9.58343 3.43346 
23.7297 18.1166 
25.6022 40.1243 
26.0134 1.28989 
22.6936 27.6985 
28.546 20.4293 
25.2285 9.45619 
19.6713 11.3011 
12.7774 12.0916 
41.2419 11.8108 
45.206 6.25498 
37.9999 4.11016 
24.5702 12.9856 
40.6771 42.1592 
39.0621 12.6671 
34.0289 14.296 
26.4849 5.07351 
39.5493 6.38585 
29.4709 0.0055536 
42.0354 5.93148 
27.6218 20.9905 
13.5453 15.9969 
42.8428 18.7522 
30.9386 27.7781 
15.041 9.55922 
36.7233 11.9457 
40.51 0.159569 
37.1954 24.8725 
46.3696 0.0183284 
10.5074 19.0787 
13.0105 15.2877 
31.3745 4.65488 
17.8593 11.1913 
12.5168 34.5433 
33.5863 10.5309 
34.5895 0.155706 
45.8369 11.2395 
36.2222 5.663 
37.7373 13.9373 
22.3755 20.1463 
36.671 3.78984 
20.7359 14.7194 
39.571 15.7846 
41.3481 8.23086 
34.2887 5.80823 
22.6012 5.44661 
44.9895 15.8041 
40.3223 0.915982 
29.9788 23.3576 
41.7607 16.8629 
38.0068 17.4517 
42.1863 16.0326 
42.2452 25.6415 
35.7122 0.73607 
48.785 39.0389 
34.697 18.3164 
22.4153 0.687689 
16.6738 7.12123 
23.1589 13.8813 
26.356 14.0814 
48.5447 1.47988 
33.1056 20.2511 
23.5373 11.5013 
36.9989 0.235326 
32.1526 30.2846 
42.281 17.218 
30.3567 4.28146 
17.0537 33.426 
28.9839 25.6214 
49.4916 15.9542 
0.052074 27.8232 
31.9756 30.1585 
31.0613 11.0766 
32.2413 14.2584 
18.2219 14.9292 
23.207 10.5269 
36.4297 5.84338 
19.364 22.6071 
17.6752 16.2915 
33.4542 39.3809 
34.6871 4.94287 
22.0521 4.47989 
14.9132 16.6313 
33.8543 0.0508173 
19.3623 20.6749 
22.3891 40.5814 
26.5681 26.3839 
17.3177 12.2758 
30.9175 6.31887 
39.6226 2.61571 
9.02268 2.13224 
25.7298 15.6915 
32.1774 7.85434 
45.4544 2.75079 
12.6643 1.71207 
26.5661 10.6969 
27.6835 21.523 
25.2559 10.2678 
42.0075 22.8615 
39.9907 4.19825 
19.8917 30.0919 
25.601 28.6129 
24.9823 10.1793 
37.4156 0.0687778 
35.4146 20.5626 
48.7639 4.99274 
40.1592 13.8067 
47.5034 13.5076 
29.4283 36.9877 
11.7805 27.1884 
39.9324 23.9406 
15.8604 21.9224 
40.8524 0.0630995 
42.249 28.6075 
25.9712 23.0601 
45.2776 22.2835 
38.7357 20.5422 
29.0255 1.1088 
35.4048 10.2946 
35.1231 10.5196 
39.6465 8.39528 
31.505 5.25042 
34.4177 20.5329 
35.9164 7.1977 
22.2665 2.22692 
30.0477 0.0824481 
20.0896 9.47583 
20.6721 14.213 
27.2015 20.2795 
31.9546 9.23884 
34.808 15.0812 
38.494 20.2449 
44.8775 17.5539 
44.0862 0.283983 
33.5248 15.0073 
32.8173 10.6822 
44.3389 33.1547 
34.2748 23.1491 
30.6956 23.5582 
38.9425 0.165293 
14.3277 15.1208 
30.3931 0.0312235 
8.67886 37.7615 
38.868 6.27758 
45.8023 8.50649 
36.5149 28.6739 
46.8505 15.6411 
16.538 43.1473 
33.6456 10.4293 
6.95454 18.1256 
37.1927 8.20869 
35.1734 20.5005 
7.91875 46.6239 
25.1628 34.6526 
24.5591 11.1526 
30.1342 2.13975 
11.695 10.7379 
8.20288 3.20362 
7.78532 37.0349 
7.93953 11.5105 
23.7271 10.2113 
33.4011 9.18298 
29.768 1.32471 
49.9949 6.56277 
23.5506 29.9989 
34.1086 33.9321 
40.5003 0.729378 
31.182 15.3616 
38.6641 30.5418 
34.2275 0.772114 
29.3622 0.0274684 
40.8324 19.2215 
41.7721 42.2383 
38.844 17.6753 
22.6544 16.9456 
41.5164 16.8372 
45.0804 9.26415 
21.3322 18.2219 
25.3881 0.102156 
37.1681 22.9737 
18.2967 14.7136 
37.2499 11.805 
19.3935 16.7396 
36.7075 13.3258 
49.9439 25.0493 
35.8727 29.9503 
23.1327 14.8595 
35.9264 16.3099 
41.9664 6.23993 
24.8444 0.0117197 
34.1411 9.76936 
25.9036 25.4427 
13.3982 31.5206 
23.2185 28.2009 
26.5616 19.4266 
32.7531 6.25535 
15.7846 32.4318 
18.1506 9.79125 
7.95105 2.94158 
29.7252 1.02747 
21.6689 24.0572 
23.8391 21.7403 
28.301 25.1988 
41.9303 15.7844 
45.3507 15.1491 
17.1859 12.1188 
14.8107 27.2804 
42.7452 12.4201 
36.9155 8.81396 
26.1659 10.5083 
19.7247 24.842 
25.4825 33.3804 
17.8322 9.57976 
15.484 45.7843 
34.3445 18.0479 
37.3803 11.8978 
26.2676 10.0552 
27.0833 27.1209 
42.278 15.9277 
5.15346 20.1781 
31.0645 5.15894 
37.082 11.6589 
22.2249 3.08093 
17.9208 14.9692 
26.7832 15.1413 
24.9555 29.9011 
45.1266 11.0538 
32.8119 3.88301 
38.9042 0.0464937 
7.5232 10.9357 
38.7803 0.00376913 
36.5374 2.18515 
41.4888 16.7088 
14.6183 16.5835 
36.279 12.2952 
18.1917 24.1847 
4.38248 19.8673 
22.2331 24.3972 
7.09752 3.96846 
30.5971 15.5672 
20.7103 19.305 
27.2218 4.87191 
11.5101 19.0917 
45.0563 11.0349 
27.9907 25.4509 
6.10483 5.15843 
14.1892 23.1023 
25.2918 34.6446 
39.3865 0.0397725 
37.5528 0.959576 
36.7972 25.6306 
16.2895 8.29231 
32.3458 22.8627 
22.5912 21.0443 
7.1273 14.4393 
46.171 11.3718 
13.5301 15.1721 
47.2557 26.9575 
28.6052 26.4455 
41.9645 3.97742 
33.3029 9.07481 
46.4986 21.4296 
41.0005 0.110252 
25.4819 9.69693 
22.0856 44.0248 
15.3938 20.9001 
12.8724 28.1686 
15.3334 24.4065 
24.2529 20.035 
42.8854 14.977 
29.1898 12.3534 
23.6641 29.2074 
39.2946 10.5672 
40.1463 12.372 
22.3903 26.7362 
37.4319 17.9967 
48.2503 24.4679 
44.766 20.8996 
18.526 21.2307 
29.9413 10.5565 
43.2482 0.292762 
40.0068 16.7729 
20.7957 9.02434 
46.1728 32.2005 
48.6349 4.57616 
27.5585 8.55107 
6.71556 0.0415647 
38.3076 23.4352 
39.3636 12.0481 
20.6972 9.01465 
39.7137 1.50697 
46.6264 13.5801 
39.2699 24.4543 
37.3332 31.2576 
21.654 33.5662 
22.0545 4.71699 
49.8228 10.5932 
30.6508 15.9453 
35.5766 19.8462 
40.6965 11.8805 
15.1644 29.0947 
41.7996 30.7501 
36.885 2.30534 
35.7907 23.0406 
12.2947 27.8954 
20.5932 11.5152 
12.6235 14.9494 
13.9092 26.255 
47.6318 13.508 
39.1995 16.9755 
40.1476 18.6776 
48.1661 1.2849 
31.6498 14.1593 
30.6974 28.7938 
28.0552 8.06043 
26.9807 0.00755459 
37.927 3.59055 
6.01879 5.8406 
26.0636 8.06686 
20.5608 40.6246 
22.4119 25.8154 
43.8632 3.54711 
31.9538 23.6083 
28.3911 11.2159 
24.8754 41.8634 
28.5325 9.97959 
23.5572 28.2968 
15.127 22.1843 
30.3276 13.4749 
30.0425 27.2577 
43.6842 3.43462 
21.8576 20.3932 
11.7611 0.798475 
43.5563 3.26508 
37.9706 21.5974 
22.4173 18.5843 
49.9438 20.0617 
35.0746 15.3115 
32.4595 20.1249 
22.0012 3.67143 
11.6922 21.554 
40.9425 20.623 
35.7056 5.4754 
14.8346 17.0976 
20.3418 12.2818 
5.81323 20.5071 
16.3341 32.1322 
33.5463 19.2897 
5.67231 19.4646 
46.4159 19.5864 
30.1576 3.62981 
17.9701 8.56067 
26.5654 12.7272 
24.773 0.063355 
7.22615 20.3453 
22.5696 9.64551 
32.1351 5.02384 
15.7546 10.3495 
44.3579 23.1915 
46.7429 16.8009 
22.1401 14.7659 
49.9962 17.5533 
26.7745 41.1674 
46.5111 19.7883 
7.011 19.1243 
23.0207 10.481 
13.2734 17.8035 
33.4091 35.5676 
38.667 0.0290198 
37.6941 20.3072 
34.5361 13.597 
49.8298 28.4584 
29.1995 21.3053 
40.6772 8.93319 
3.41539 36.7092 
44.207 17.7935 
29.9378 2.63259 
25.3011 29.5555 
43.7523 0.770462 
17.893 9.17618 
19.3059 9.04444 
34.8318 1.95525 
39.7472 33.0927 
27.6365 13.2901 
38.6238 4.35616 
22.7156 30.8641 
9.51692 20.2984 
28.8883 20.804 
19.7068 21.0205 
6.79301 6.92689 
31.289 14.9852 
46.3681 23.7149 
6.11472 23.4369 
49.7899 20.2399 
13.3209 6.23686 
16.3708 0.211954 
38.4127 28.148 
49.8067 0.418393 
16.7091 32.065 
30.5852 4.97143 
34.3168 0.237491 
22.6012 26.0136 
17.3827 12.8767 
28.3697 6.57259 
49.9096 25.39 
34.0847 2.0579 
30.0267 13.4688 
27.1006 30.6414 
18.7621 38.0505 
21.4678 11.3501 
30.7597 14.0403 
37.1867 9.90524 
0.0351088 28.3478 
16.3142 31.333 
29.5099 29.1554 
29.1853 27.0781 
48.8641 20.9044 
22.1907 10.8455 
39.9172 7.98885 
35.363 16.0571 
49.6564 7.12406 
39.1494 8.0505 
19.5427 23.8181 
45.3108 0.677183 
25.4954 16.3716 
42.8246 21.7124 
22.1772 11.8565 
25.1807 10.7808 
16.037 6.30076 
43.5868 24.3608 
41.9592 27.9626 
14.4979 12.7397 
7.90577 11.758 
38.7916 8.11034 
14.2782 29.802 
31.9739 21.7209 
49.9909 36.4583 
32.1434 27.149 
19.8804 28.861 
29.9863 27.2059 
49.8674 1.76482 
45.378 21.2453 
40.3692 29.2488 
29.9622 25.0894 
36.9114 0.110044 
38.6563 17.4059 
34.0774 30.9318 
24.8959 10.7292 
23.5054 34.1239 
10.154 40.9559 
24.7112 6.81499 
16.4843 43.3493 
30.9108 14.6246 
23.4071 10.5728 
37.9473 21.9146 
39.8249 9.95816 
44.8428 21.0707 
27.5274 18.9346 
44.8555 13.1003 
40.6451 5.60547 
42.3193 4.12317 
20.5877 15.1175 
21.7845 33.5112 
23.5021 5.41917 
49.9797 6.92674 
24.7848 2.05465 
21.6832 28.533 
26.945 19.4135 
32.0432 9.1407 
23.2401 11.7428 
25.5441 4.94272 
26.0939 15.8991 
49.7268 15.7334 
25.8275 35.6373 
37.6668 22.8806 
39.5291 2.9356 
21.7603 21.2008 
44.872 1.67556 
49.8914 30.1805 
38.4477 13.7781 
24.5616 1.80385 
8.99485 35.4253 
20.4115 11.9752 
45.7577 20.1406 
22.045 16.1023 
49.8799 0.17646 
49.8352 0.905834 
18.7408 14.8176 
7.71077 9.60551 
43.3985 18.4957 
34.7244 29.7738 
21.5388 18.9063 
42.5176 9.93477 
17.6742 12.9614 
39.0352 17.7317 
45.6425 17.1045 
4.07347 19.7464 
9.37413 5.24533 
39.593 27.1517 
26.1387 13.5309 
37.8974 27.065 
23.1172 28.2646 
22.0056 6.63345 
47.564 21.4468 
35.6334 12.8163 
32.7643 19.1374 
25.0419 0.680633 
32.5797 16.4592 
43.1375 12.3072 
11.3381 10.5603 
42.8502 33.9175 
44.657 5.75055 
25.7981 21.4858 
39.665 5.63423 
5.46016 19.1614 
43.6284 14.7264 
31.7741 3.21273 
33.6411 2.00352 
33.4969 3.00133 
25.5266 9.90153 
31.2306 5.2338 
43.2678 4.50987 
19.1416 11.091 
40.6292 20.5911 
46.3232 7.46506 
24.1174 26.61 
34.2643 0.0227602 
11.3967 30.6139 
11.9672 14.3972 
37.0816 10.106 
40.4905 20.4895 
43.4918 28.0091 
6.87244 37.3823 
22.8549 10.4453 
28.4486 4.72914 
49.6916 12.6974 
26.5781 35.0431 
1.41052 29.2864 
48.2328 42.1067 
24.906 17.5354 
27.0574 18.2433 
7.03133 10.5722 
6.22493 32.2293 
17.235 18.3122 
49.5823 0.0961475 
27.249 29.9811 
4.05564 2.15523 
5.30202 3.13707 
33.4675 19.5473 
40.0588 0.16804 
34.6614 8.69583 
14.312 16.0584 
13.405 28.0743 
36.4037 10.4878 
1.76207 5.37045 
7.51137 3.94602 
7.6498 3.98597 
39.1421 44.1421 
7.65716 3.98807 
