39.1421 44.1421 
32.5548 45.8001 
27.0943 46.9481 
17.9276 46.6441 
9.68416 45.6414 
7.61007 43.1541 
4.26803 37.9216 
2.35811 31.5335 
0.321214 25.0724 
0.119171 24.9811 
1.36155 23.0169 
0.024284 23.0441 
0.432133 19.9127 
0.0801011 19.91 
0.851575 18.2046 
4.3443 20.9397 
5.94765 22.2665 
6.03538 22.3654 
12.8563 25.4043 
11.9843 22.8044 
16.6565 22.0221 
17.3323 20.1108 
17.3665 15.175 
18.9815 9.47438 
19.1775 9.13862 
21.785 9.02279 
18.6185 10.0426 
18.2194 9.07959 
14.3674 7.49454 
11.7137 6.63033 
12.176 0.450243 
11.5914 0.0851865 
9.86071 1.61546 
10.1242 3.56027 
6.22938 2.6019 
1.78859 2.87481 
4.05564 2.15523 
5.30202 3.13707 
7.51137 3.94602 
7.6498 3.98597 
